

Graph1.txt


Best Cost = 4189.0
0	2
1	3
2	4
3	15
4	1
5	0
6	5
7	6
8	13
9	12
10	9
11	7
12	14
13	10
14	8
15	11


Graph1.txt


Best Cost = 4189.0
0	14
1	10
2	8
3	11
4	13
5	12
6	9
7	7
8	1
9	0
10	5
11	6
12	2
13	3
14	4
15	15


Graph1.txt


Best Cost = 4189.0
0	14
1	10
2	8
3	11
4	13
5	12
6	9
7	7
8	1
9	0
10	5
11	6
12	2
13	3
14	4
15	15


Graph1.txt


Best Cost = 4231.0
0	4
1	5
2	6
3	7
4	3
5	15
6	8
7	9
8	2
9	1
10	12
11	13
12	11
13	0
14	10
15	14


Graph7.txt


Best Cost = 1289.503
0	6
1	2
2	1
3	4
4	11
5	3
6	0
7	5
8	10
9	9
10	0
11	0
12	8
13	7
14	0
15	0


Graph7.txt


Best Cost = 1289.503
0	6
1	2
2	1
3	4
4	11
5	3
6	0
7	5
8	10
9	9
10	0
11	0
12	8
13	7
14	0
15	0


tempGraph.txt


Best Cost = 67.0
0	6
1	7
2	4
3	3
4	0
5	2
6	5
7	1


tempGraph.txt


Best Cost = 79.0
0	4
1	3
2	7
3	6
4	2
5	1
6	5
7	0


tempGraph.txt


Best Cost = 69.0
0	4
1	0
2	6
3	7
4	3
5	1
6	5
7	2


tempGraph.txt


Best Cost = 79.0
0	7
1	6
2	3
3	4
4	0
5	5
6	1
7	2


tempGraph.txt


Best Cost = 67.0
0	7
1	6
2	4
3	3
4	0
5	2
6	5
7	1


tempGraph.txt


Best Cost = 67.0
0	7
1	6
2	4
3	3
4	0
5	2
6	5
7	1


tempGraph.txt


Best Cost = 78.0
0	4
1	3
2	7
3	6
4	1
5	5
6	0
7	2


tempGraph.txt


Best Cost = 67.0
0	6
1	7
2	4
3	3
4	0
5	2
6	5
7	1


tempGraph.txt


Best Cost = 67.0
0	6
1	7
2	4
3	3
4	0
5	2
6	5
7	1


tempGraph.txt


Best Cost = 86.0
0	6
1	4
2	3
3	0
4	5
5	1
6	2
7	7


tempGraph.txt


Best Cost = 69.0
0	4
1	0
2	6
3	7
4	3
5	1
6	5
7	2


Graph1.txt


Best Cost = 4231.0
0	7
1	6
2	5
3	4
4	9
5	8
6	15
7	3
8	14
9	10
10	1
11	2
12	13
13	12
14	0
15	11


Graph1.txt


Best Cost = 4864.0
0	4
1	5
2	6
3	7
4	15
5	3
6	8
7	9
8	13
9	12
10	2
11	1
12	14
13	10
14	11
15	0


Graph1.txt


Best Cost = 4199.0
0	4
1	5
2	6
3	7
4	3
5	15
6	8
7	9
8	2
9	1
10	11
11	14
12	10
13	0
14	12
15	13


Graph1.txt


Best Cost = 4189.0
0	13
1	12
2	8
3	11
4	14
5	10
6	9
7	7
8	1
9	0
10	5
11	6
12	2
13	3
14	4
15	15


Graph1.txt


Best Cost = 4189.0
0	2
1	3
2	4
3	15
4	1
5	0
6	5
7	6
8	14
9	10
10	9
11	7
12	13
13	12
14	8
15	11


Graph1.txt


Best Cost = 4189.0
0	13
1	12
2	8
3	11
4	14
5	10
6	9
7	7
8	1
9	0
10	5
11	6
12	2
13	3
14	4
15	15


Graph1.txt


Best Cost = 4199.0
0	7
1	6
2	5
3	4
4	9
5	8
6	15
7	3
8	14
9	11
10	1
11	2
12	13
13	12
14	0
15	10


Graph1.txt


Best Cost = 4502.0
0	0
1	10
2	11
3	14
4	1
5	2
6	12
7	13
8	15
9	3
10	8
11	9
12	4
13	5
14	6
15	7


Graph1.txt


Best Cost = 4231.0
0	7
1	6
2	5
3	4
4	9
5	8
6	15
7	3
8	14
9	10
10	1
11	2
12	13
13	12
14	0
15	11


Graph2.txt


Best Cost = 3942.5
0	0
1	3
2	1
3	8
4	9
5	4
6	2
7	5
8	6
9	11
10	13
11	14
12	7
13	10
14	15
15	12


Graph2.txt


Best Cost = 3942.5
0	0
1	3
2	1
3	8
4	9
5	4
6	2
7	5
8	6
9	11
10	12
11	15
12	7
13	10
14	14
15	13


Graph3.txt


Best Cost = 640.0
0	0
1	1
2	2
3	3
4	4
5	5
6	7
7	6


Graph3.txt


Best Cost = 640.0
0	7
1	6
2	3
3	2
4	4
5	5
6	0
7	1


Graph1.txt


Best Cost = 4189.0
0	2
1	3
2	4
3	15
4	1
5	0
6	5
7	6
8	13
9	12
10	9
11	7
12	14
13	10
14	8
15	11


Graph1.txt


Best Cost = 4502.0
0	7
1	6
2	5
3	4
4	9
5	8
6	3
7	15
8	14
9	11
10	2
11	1
12	13
13	12
14	10
15	0


Graph12.txt


Best Cost = 432.0
0	5
1	4
2	0
3	18
4	0
5	0
6	0
7	0
8	19
9	3
10	1
11	2
12	0
13	0
14	0
15	0
16	0
17	0
18	0
19	0
20	0
21	0
22	0
23	0
24	0
25	0
26	0
27	0
28	0
29	0
30	0
31	0


Graph12.txt


Best Cost = 112.0
0	0
1	0
2	0
3	0
4	0
5	0
6	0
7	0
8	0
9	0
10	0
11	0
12	0
13	0
14	0
15	0
16	2
17	3
18	6
19	7
20	0
21	0
22	0
23	0
24	5
25	4
26	9
27	8
28	0
29	0
30	0
31	0


Graph12.txt


Best Cost = 2246.0
0	9
1	8
2	21
3	22
4	0
5	0
6	0
7	0
8	6
9	7
10	20
11	19
12	0
13	0
14	0
15	0
16	16
17	17
18	10
19	11
20	0
21	0
22	0
23	0
24	15
25	14
26	13
27	12
28	0
29	0
30	0
31	0


Graph1.txt


Best Cost = 10486.0
0	13
1	12
2	11
3	8
4	14
5	10
6	7
7	9
8	6
9	5
10	3
11	2
12	15
13	4
14	0
15	1


Graph1.txt


Best Cost = 10486.0
0	13
1	12
2	11
3	8
4	14
5	10
6	9
7	7
8	6
9	5
10	3
11	2
12	15
13	4
14	0
15	1
