6 7	16 5	3 4	1 2	10 8	12 9	11 15	13 14	
0
6124.0


Graph1.txt	no. of cores= 16	no. of cuts 1
3 4	2 1	5 16	6 7	14 13	15 11	10 8	9 12	
0
4189.0



***** best cost=4189.0
best =0	Execution Time: 0.41000400000000004
15 11	13 14	12 9	8 10	7 6	5 16	1 2	3 4	
0
6216.0


Graph1.txt	no. of cores= 16	no. of cuts 1
15 11	14 13	9 12	10 8	2 1	3 4	6 7	5 16	
0
4189.0



***** best cost=4189.0
best =0	Execution Time: 0.38002499999999995
9 12	10 8	14 13	15 11	7 6	16 5	4 3	2 1	
0
5246.0


Graph1.txt	no. of cores= 16	no. of cuts 1
15 11	14 13	9 12	10 8	2 1	3 4	6 7	5 16	
0
4189.0



***** best cost=4189.0
best =0	Execution Time: 0.41067200000000004
6 5	4 16	10 9	8 7	13 14	11 15	3 2	12 1	
0
6365.0


Graph1.txt	no. of cores= 16	no. of cuts 1
5 6	4 16	7 8	9 10	3 2	12 1	13 14	11 15	
0
4231.0



***** best cost=4231.0
best =0	Execution Time: 0.46422299999999983
5 2	1 6	4 12	3 7	8 9	10 11	1 1	1 1	
0
1681.366


Graph7.txt	no. of cores= 12	no. of cuts 1
7 3	12 4	2 5	1 6	11 10	9 8	1 1	1 1	
0
1289.503



***** best cost=1289.503
best =0	Execution Time: 0.4516399999999998
5 2	6 1	12 4	7 3	8 9	11 10	1 1	1 1	
0
1795.444


Graph7.txt	no. of cores= 12	no. of cuts 1
7 3	12 4	2 5	1 6	11 10	9 8	1 1	1 1	
0
1289.503



***** best cost=1289.503
best =0	Execution Time: 0.4764490000000001
1 3	7 8	5 4	6 2	
0
71.0


tempGraph.txt	no. of cores= 6	no. of cuts 1
7 8	1 3	5 4	6 2	
0
67.0



***** best cost=67.0
best =0	Execution Time: 0.11018100000000008
2 3	4 5	6 1	8 7	
0
87.0


tempGraph.txt	no. of cores= 6	no. of cuts 1
5 4	3 2	8 7	6 1	
0
79.0



***** best cost=79.0
best =0	Execution Time: 0.1406639999999999
1 5	2 4	8 7	3 6	
0
83.0


tempGraph.txt	no. of cores= 6	no. of cuts 1
5 1	4 2	7 8	6 3	
0
69.0



***** best cost=69.0
best =0	Execution Time: 0.0608240000000001
7 8	6 1	2 3	4 5	
0
99.0


tempGraph.txt	no. of cores= 6	no. of cuts 1
8 7	1 6	4 5	2 3	
0
79.0



***** best cost=79.0
best =0	Execution Time: 0.140457
1 3	8 7	6 2	5 4	
0
72.0


tempGraph.txt	no. of cores= 6	no. of cuts 1
8 7	1 3	5 4	6 2	
0
67.0



***** best cost=67.0
best =0	Execution Time: 0.15059000000000006
1 3	8 7	6 2	5 4	
0
72.0


tempGraph.txt	no. of cores= 6	no. of cuts 1
8 7	1 3	5 4	6 2	
0
67.0



***** best cost=67.0
best =0	Execution Time: 0.08089499999999994
6 2	5 4	7 8	1 3	
0
92.0


tempGraph.txt	no. of cores= 6	no. of cuts 1
5 4	2 6	8 7	1 3	
0
78.0



***** best cost=78.0
best =0	Execution Time: 0.1035060000000001
3 8	6 2	4 5	7 1	
0
119.0

5 3	8 7	1 6	4 2	
1
104.0

1 7	6 3	8 5	2 4	
2
97.0

6 4	1 2	5 3	7 8	
3
86.0

1 3	7 8	2 5	6 4	
4
71.0

3 6	8 7	2 4	1 5	
5
96.0

4 2	1 6	8 7	5 3	
6
100.0

4 2	1 6	8 7	5 3	
7
100.0

1 3	8 7	6 4	2 5	
8
79.0

7 8	2 3	4 5	6 1	
9
101.0

3 6	8 7	2 4	1 5	
10
96.0

2 5	6 4	7 8	1 3	
11
79.0

1 3	7 8	6 4	2 5	
12
79.0

7 6	5 3	1 8	4 2	
13
106.0

6 2	5 4	7 8	1 3	
14
92.0

8 7	5 3	2 6	1 4	
15
109.0

5 4	3 1	6 2	8 7	
16
85.0

1 3	8 7	6 4	2 5	
17
79.0

1 5	3 6	2 4	7 8	
18
86.0

2 4	7 5	6 3	1 8	
19
77.0

5 4	2 6	7 8	1 3	
20
78.0

5 4	3 1	6 2	8 7	
21
85.0

2 6	5 8	1 4	3 7	
22
129.0

4 2	1 6	8 7	5 3	
23
100.0

7 1	4 5	6 2	3 8	
24
87.0

5 3	8 7	1 6	4 2	
25
104.0

1 5	2 4	8 7	3 6	
26
83.0

1 5	2 4	8 7	3 6	
27
83.0

8 7	5 3	2 6	1 4	
28
109.0

8 7	6 1	4 5	2 3	
29
98.0

2 6	5 7	1 4	3 8	
30
129.0

5 3	8 7	1 6	4 2	
31
104.0

5 4	2 6	7 8	1 3	
32
78.0

5 3	8 7	1 6	4 2	
33
104.0

8 7	1 2	3 5	6 4	
34
71.0

2 3	4 5	6 1	8 7	
35
87.0

2 3	4 5	6 1	8 7	
36
87.0

3 8	6 2	4 5	7 1	
37
119.0

1 8	6 3	7 5	2 4	
38
97.0

4 2	1 7	5 3	8 6	
39
101.0

6 4	2 5	7 8	1 3	
40
94.0

5 4	2 6	7 8	1 3	
41
78.0

3 6	8 7	2 4	1 5	
42
96.0

1 3	8 7	2 5	6 4	
43
71.0

2 6	5 7	1 4	3 8	
44
129.0

4 2	1 6	8 7	5 3	
45
100.0

6 4	2 5	7 8	1 3	
46
94.0

5 4	6 2	8 7	1 3	
47
86.0

2 3	4 5	6 1	8 7	
48
87.0

7 8	1 4	2 5	6 3	
49
89.0

1 5	2 4	8 7	3 6	
50
83.0

1 3	8 7	6 4	2 5	
51
79.0

5 4	2 6	1 3	8 7	
52
79.0

1 5	3 6	2 4	7 8	
53
86.0

4 2	1 6	8 7	5 3	
54
100.0

6 2	5 4	7 8	1 3	
55
92.0

2 3	4 5	6 1	8 7	
56
87.0

4 2	1 6	5 3	8 7	
57
91.0

4 2	1 6	8 7	5 3	
58
100.0

4 2	1 6	8 7	5 3	
59
100.0

5 4	6 2	8 7	1 3	
60
86.0

8 7	6 2	3 1	5 4	
61
95.0

8 6	5 3	1 7	4 2	
62
106.0

4 2	1 8	5 3	7 6	
63
101.0

1 3	8 7	2 5	6 4	
64
71.0

6 1	4 5	2 3	7 8	
65
98.0

7 8	2 3	4 5	6 1	
66
101.0

8 7	5 3	1 6	4 2	
67
90.0

5 3	8 7	1 6	4 2	
68
104.0

4 2	1 6	8 7	5 3	
69
100.0

1 5	3 6	2 4	7 8	
70
86.0

3 6	8 7	2 4	1 5	
71
96.0

2 6	5 7	1 4	3 8	
72
129.0

4 2	1 6	8 7	5 3	
73
100.0

5 3	8 7	1 6	4 2	
74
104.0

1 3	7 8	2 5	6 4	
75
71.0

1 3	8 7	6 4	2 5	
76
79.0

4 2	1 6	8 7	5 3	
77
100.0

1 7	2 3	8 5	6 4	
78
98.0

2 5	6 4	8 7	1 3	
79
79.0

1 3	8 7	6 4	2 5	
80
79.0

1 3	8 7	6 4	2 5	
81
79.0

8 7	5 3	1 6	4 2	
82
90.0

5 4	3 1	6 2	8 7	
83
85.0

8 7	6 1	4 5	2 3	
84
98.0

7 8	1 3	2 6	5 4	
85
85.0

5 4	6 2	8 7	1 3	
86
86.0

5 3	8 7	1 6	4 2	
87
104.0

2 5	6 4	8 7	1 3	
88
79.0

7 8	2 3	4 5	6 1	
89
101.0

4 2	1 6	8 7	5 3	
90
100.0

2 4	7 5	6 3	1 8	
91
77.0

5 3	8 7	1 6	4 2	
92
104.0

2 3	4 5	6 1	8 7	
93
87.0

2 5	6 4	7 8	1 3	
94
79.0

5 4	2 6	7 8	1 3	
95
78.0

3 6	8 7	2 4	1 5	
96
96.0

4 2	1 6	8 7	5 3	
97
100.0

7 1	4 5	6 2	3 8	
98
87.0

8 6	5 3	1 7	4 2	
99
106.0


Distributive	tempGraph.txt	no. of cores= 6	no. of cuts 100
8 3	2 6	1 7	5 4	
0
88.0

8 7	3 5	1 6	4 2	
1
76.0

7 1	3 6	5 8	4 2	
2
79.0

1 2	6 4	7 8	5 3	
3
80.0

7 8	1 3	2 5	6 4	
4
69.0

3 6	8 7	1 5	2 4	
5
89.0

1 6	2 4	7 8	5 3	
6
80.0

1 6	2 4	7 8	5 3	
7
80.0

8 7	1 3	2 5	6 4	
8
69.0

3 2	8 7	4 5	6 1	
9
88.0

3 6	8 7	1 5	2 4	
10
89.0

5 2	4 6	8 7	1 3	
11
78.0

7 8	1 3	2 5	6 4	
12
69.0

3 5	7 6	4 2	1 8	
13
87.0

5 4	2 6	8 7	1 3	
14
78.0

3 5	8 7	4 1	2 6	
15
79.0

1 3	5 4	8 7	2 6	
16
79.0

8 7	1 3	2 5	6 4	
17
69.0

1 5	3 6	4 2	7 8	
18
81.0

7 5	2 4	1 8	6 3	
19
75.0

5 4	2 6	8 7	1 3	
20
78.0

1 3	5 4	8 7	2 6	
21
79.0

8 5	6 2	4 1	3 7	
22
86.0

1 6	2 4	7 8	5 3	
23
80.0

7 1	5 4	8 3	2 6	
24
75.0

8 7	3 5	1 6	4 2	
25
76.0

5 1	4 2	7 8	6 3	
26
69.0

5 1	4 2	7 8	6 3	
27
69.0

3 5	8 7	4 1	2 6	
28
79.0

7 8	1 6	4 5	2 3	
29
79.0

7 5	6 2	4 1	3 8	
30
86.0

8 7	3 5	1 6	4 2	
31
76.0

5 4	2 6	8 7	1 3	
32
78.0

8 7	3 5	1 6	4 2	
33
76.0

8 7	1 2	5 3	4 6	
34
68.0

5 4	3 2	8 7	6 1	
35
79.0

5 4	3 2	8 7	6 1	
36
79.0

8 3	2 6	1 7	5 4	
37
88.0

8 1	3 6	5 7	4 2	
38
79.0

7 1	2 4	6 8	5 3	
39
81.0

5 2	4 6	8 7	1 3	
40
78.0

5 4	2 6	8 7	1 3	
41
78.0

3 6	8 7	1 5	2 4	
42
89.0

8 7	1 3	2 5	6 4	
43
69.0

7 5	6 2	4 1	3 8	
44
86.0

1 6	2 4	7 8	5 3	
45
80.0

5 2	4 6	8 7	1 3	
46
78.0

5 4	2 6	7 8	1 3	
47
78.0

5 4	3 2	8 7	6 1	
48
79.0

1 4	7 8	5 2	3 6	
49
73.0

5 1	4 2	7 8	6 3	
50
69.0

8 7	1 3	2 5	6 4	
51
69.0

5 4	2 6	8 7	1 3	
52
78.0

1 5	3 6	4 2	7 8	
53
81.0

1 6	2 4	7 8	5 3	
54
80.0

5 4	2 6	8 7	1 3	
55
78.0

5 4	3 2	8 7	6 1	
56
79.0

1 6	2 4	8 7	5 3	
57
80.0

1 6	2 4	7 8	5 3	
58
80.0

1 6	2 4	7 8	5 3	
59
80.0

5 4	2 6	7 8	1 3	
60
78.0

7 8	2 6	1 3	4 5	
61
90.0

3 5	8 6	4 2	1 7	
62
87.0

8 1	2 4	6 7	5 3	
63
81.0

8 7	1 3	2 5	6 4	
64
69.0

5 4	1 6	2 3	7 8	
65
80.0

3 2	8 7	4 5	6 1	
66
88.0

8 7	3 5	1 6	4 2	
67
76.0

8 7	3 5	1 6	4 2	
68
76.0

1 6	2 4	7 8	5 3	
69
80.0

1 5	3 6	4 2	7 8	
70
81.0

3 6	8 7	1 5	2 4	
71
89.0

7 5	6 2	4 1	3 8	
72
86.0

1 6	2 4	7 8	5 3	
73
80.0

8 7	3 5	1 6	4 2	
74
76.0

7 8	1 3	2 5	6 4	
75
69.0

8 7	1 3	2 5	6 4	
76
69.0

1 6	2 4	7 8	5 3	
77
80.0

7 1	3 2	5 8	4 6	
78
81.0

5 2	4 6	7 8	1 3	
79
78.0

8 7	1 3	2 5	6 4	
80
69.0

8 7	1 3	2 5	6 4	
81
69.0

8 7	3 5	1 6	4 2	
82
76.0

1 3	5 4	8 7	2 6	
83
79.0

7 8	1 6	4 5	2 3	
84
79.0

7 8	1 3	5 4	6 2	
85
67.0

5 4	2 6	7 8	1 3	
86
78.0

8 7	3 5	1 6	4 2	
87
76.0

5 2	4 6	7 8	1 3	
88
78.0

3 2	8 7	4 5	6 1	
89
88.0

1 6	2 4	7 8	5 3	
90
80.0

7 5	2 4	1 8	6 3	
91
75.0

8 7	3 5	1 6	4 2	
92
76.0

5 4	3 2	8 7	6 1	
93
79.0

5 2	4 6	8 7	1 3	
94
78.0

5 4	2 6	8 7	1 3	
95
78.0

3 6	8 7	1 5	2 4	
96
89.0

1 6	2 4	7 8	5 3	
97
80.0

7 1	5 4	8 3	2 6	
98
75.0

3 5	8 6	4 2	1 7	
99
87.0



***** best cost=67.0
best =85	Execution Time: 2.571239
4 2	1 6	5 3	8 7	
0
91.0

1 5	3 6	2 4	7 8	
1
86.0

1 3	8 7	6 4	2 5	
2
79.0

5 3	8 7	1 6	4 2	
3
104.0

2 4	8 5	6 3	1 7	
4
77.0

6 4	7 5	2 3	1 8	
5
99.0

6 3	2 5	1 4	7 8	
6
125.0

7 6	5 3	1 8	4 2	
7
106.0

6 1	4 5	2 3	7 8	
8
98.0

1 5	2 4	8 7	3 6	
9
83.0

1 5	3 6	2 4	7 8	
10
86.0

6 4	2 5	8 7	1 3	
11
94.0

7 8	1 4	2 5	6 3	
12
89.0

3 6	8 7	2 4	1 5	
13
96.0

2 5	6 4	7 8	1 3	
14
79.0

8 7	5 3	1 6	4 2	
15
90.0

2 3	4 5	6 1	8 7	
16
87.0

8 7	6 1	4 5	2 3	
17
98.0

4 2	1 6	8 7	5 3	
18
100.0

5 3	8 7	1 6	4 2	
19
104.0

4 2	1 6	5 3	8 7	
20
91.0

7 8	1 3	2 6	5 4	
21
85.0

1 7	6 3	8 5	2 4	
22
97.0

2 5	6 4	8 7	1 3	
23
79.0

5 4	6 2	8 7	1 3	
24
86.0

1 3	8 7	2 5	6 4	
25
71.0

1 3	2 6	5 4	8 7	
26
103.0

1 7	2 6	5 4	8 3	
27
108.0

8 7	6 1	4 5	2 3	
28
98.0

8 7	5 3	2 6	1 4	
29
109.0

2 5	6 4	8 7	1 3	
30
79.0

6 3	2 5	1 4	7 8	
31
125.0

5 4	3 1	6 2	8 7	
32
85.0

1 7	6 3	8 5	2 4	
33
97.0

1 3	8 7	6 2	5 4	
34
72.0

3 8	1 4	5 7	2 6	
35
93.0

5 3	8 7	1 6	4 2	
36
104.0

7 8	1 4	2 5	6 3	
37
89.0

6 4	7 5	2 3	1 8	
38
99.0

8 7	5 4	2 6	1 3	
39
87.0

1 3	7 8	2 5	6 4	
40
71.0

2 5	6 4	8 7	1 3	
41
79.0

2 3	4 5	6 1	8 7	
42
87.0

3 6	8 7	2 4	1 5	
43
96.0

8 7	5 3	1 2	6 4	
44
105.0

7 3	5 4	2 6	1 8	
45
91.0

1 8	2 3	7 5	6 4	
46
98.0

5 4	2 6	1 3	7 8	
47
79.0

5 4	2 6	7 8	1 3	
48
78.0

1 3	8 7	6 2	5 4	
49
72.0

1 3	7 8	6 4	2 5	
50
79.0

8 7	1 3	2 6	5 4	
51
85.0

2 5	6 4	8 7	1 3	
52
79.0

5 3	8 7	1 6	4 2	
53
104.0

1 3	8 7	6 4	2 5	
54
79.0

7 8	1 3	2 6	5 4	
55
85.0

1 3	8 7	2 5	6 4	
56
71.0

7 8	1 4	2 5	6 3	
57
89.0

6 4	8 5	2 3	1 7	
58
99.0

5 4	3 1	6 2	8 7	
59
85.0

2 4	7 5	6 3	1 8	
60
77.0

7 8	2 4	3 6	1 5	
61
118.0

3 6	8 7	2 4	1 5	
62
96.0

8 1	4 5	6 2	3 7	
63
87.0

8 7	6 2	3 1	5 4	
64
95.0

8 7	5 3	1 6	4 2	
65
90.0

1 3	8 7	6 2	5 4	
66
72.0

2 5	6 4	7 8	1 3	
67
79.0

8 1	4 5	6 2	3 7	
68
87.0

2 4	8 5	6 3	1 7	
69
77.0

1 3	7 8	6 4	2 5	
70
79.0

8 7	6 2	3 1	5 4	
71
95.0

1 8	6 3	7 5	2 4	
72
97.0

3 6	8 7	2 4	1 5	
73
96.0

5 4	2 6	7 8	1 3	
74
78.0

5 3	8 7	1 6	4 2	
75
104.0

4 2	1 8	5 3	7 6	
76
101.0

8 3	5 4	2 6	1 7	
77
91.0

2 5	6 4	8 7	1 3	
78
79.0

3 6	8 7	2 4	1 5	
79
96.0

4 2	1 6	8 7	5 3	
80
100.0

1 5	2 4	8 7	3 6	
81
83.0

1 3	8 7	6 4	2 5	
82
79.0

8 7	1 2	3 5	6 4	
83
71.0

7 8	2 3	4 5	6 1	
84
101.0

4 2	1 6	5 3	8 7	
85
91.0

5 3	8 7	1 6	4 2	
86
104.0

1 3	7 8	5 4	6 2	
87
71.0

6 3	2 5	1 4	7 8	
88
125.0

7 3	5 4	2 6	1 8	
89
91.0

8 7	6 2	3 1	5 4	
90
95.0

7 8	2 4	3 6	1 5	
91
118.0

8 7	6 1	4 5	2 3	
92
98.0

4 2	1 6	8 7	5 3	
93
100.0

6 4	7 5	2 3	1 8	
94
99.0

1 3	7 8	2 5	6 4	
95
71.0

7 3	5 4	2 6	1 8	
96
91.0

8 7	1 2	3 5	6 4	
97
71.0

2 5	6 4	7 8	1 3	
98
79.0

6 4	3 5	1 2	8 7	
99
103.0


Distributive	tempGraph.txt	no. of cores= 6	no. of cuts 100
1 6	2 4	8 7	5 3	
0
80.0

1 5	3 6	4 2	7 8	
1
81.0

8 7	1 3	2 5	6 4	
2
69.0

8 7	3 5	1 6	4 2	
3
76.0

8 5	2 4	1 7	6 3	
4
75.0

7 5	6 4	1 8	2 3	
5
86.0

2 5	6 3	4 1	7 8	
6
82.0

3 5	7 6	4 2	1 8	
7
87.0

5 4	1 6	2 3	7 8	
8
80.0

5 1	4 2	7 8	6 3	
9
69.0

1 5	3 6	4 2	7 8	
10
81.0

5 2	4 6	7 8	1 3	
11
78.0

1 4	7 8	5 2	3 6	
12
73.0

3 6	8 7	1 5	2 4	
13
89.0

5 2	4 6	8 7	1 3	
14
78.0

8 7	3 5	1 6	4 2	
15
76.0

5 4	3 2	8 7	6 1	
16
79.0

7 8	1 6	4 5	2 3	
17
79.0

1 6	2 4	7 8	5 3	
18
80.0

8 7	3 5	1 6	4 2	
19
76.0

1 6	2 4	8 7	5 3	
20
80.0

7 8	1 3	5 4	6 2	
21
67.0

7 1	3 6	5 8	4 2	
22
79.0

5 2	4 6	7 8	1 3	
23
78.0

5 4	2 6	7 8	1 3	
24
78.0

8 7	1 3	2 5	6 4	
25
69.0

1 3	6 2	8 7	5 4	
26
83.0

7 1	2 6	3 8	5 4	
27
81.0

7 8	1 6	4 5	2 3	
28
79.0

3 5	8 7	4 1	2 6	
29
79.0

5 2	4 6	7 8	1 3	
30
78.0

2 5	6 3	4 1	7 8	
31
82.0

1 3	5 4	8 7	2 6	
32
79.0

7 1	3 6	5 8	4 2	
33
79.0

8 7	1 3	5 4	6 2	
34
67.0

1 4	8 3	5 7	2 6	
35
81.0

8 7	3 5	1 6	4 2	
36
76.0

1 4	7 8	5 2	3 6	
37
73.0

7 5	6 4	1 8	2 3	
38
86.0

5 4	8 7	2 6	1 3	
39
78.0

7 8	1 3	2 5	6 4	
40
69.0

5 2	4 6	7 8	1 3	
41
78.0

5 4	3 2	8 7	6 1	
42
79.0

3 6	8 7	1 5	2 4	
43
89.0

8 7	3 5	2 1	4 6	
44
78.0

7 3	5 4	1 8	2 6	
45
82.0

8 1	3 2	5 7	4 6	
46
81.0

5 4	2 6	7 8	1 3	
47
78.0

5 4	2 6	8 7	1 3	
48
78.0

8 7	1 3	5 4	6 2	
49
67.0

7 8	1 3	2 5	6 4	
50
69.0

8 7	1 3	5 4	6 2	
51
67.0

5 2	4 6	7 8	1 3	
52
78.0

8 7	3 5	1 6	4 2	
53
76.0

8 7	1 3	2 5	6 4	
54
69.0

7 8	1 3	5 4	6 2	
55
67.0

8 7	1 3	2 5	6 4	
56
69.0

1 4	7 8	5 2	3 6	
57
73.0

8 5	6 4	1 7	2 3	
58
86.0

1 3	5 4	8 7	2 6	
59
79.0

7 5	2 4	1 8	6 3	
60
75.0

2 4	7 8	5 1	6 3	
61
86.0

3 6	8 7	1 5	2 4	
62
89.0

8 1	5 4	7 3	2 6	
63
75.0

7 8	2 6	1 3	4 5	
64
90.0

8 7	3 5	1 6	4 2	
65
76.0

8 7	1 3	5 4	6 2	
66
67.0

5 2	4 6	8 7	1 3	
67
78.0

8 1	5 4	7 3	2 6	
68
75.0

8 5	2 4	1 7	6 3	
69
75.0

7 8	1 3	2 5	6 4	
70
69.0

7 8	2 6	1 3	4 5	
71
90.0

8 1	3 6	5 7	4 2	
72
79.0

3 6	8 7	1 5	2 4	
73
89.0

5 4	2 6	8 7	1 3	
74
78.0

8 7	3 5	1 6	4 2	
75
76.0

8 1	2 4	6 7	5 3	
76
81.0

8 3	5 4	1 7	2 6	
77
82.0

5 2	4 6	7 8	1 3	
78
78.0

3 6	8 7	1 5	2 4	
79
89.0

1 6	2 4	7 8	5 3	
80
80.0

5 1	4 2	7 8	6 3	
81
69.0

8 7	1 3	2 5	6 4	
82
69.0

8 7	1 2	5 3	4 6	
83
68.0

3 2	8 7	4 5	6 1	
84
88.0

1 6	2 4	8 7	5 3	
85
80.0

8 7	3 5	1 6	4 2	
86
76.0

7 8	1 3	5 4	6 2	
87
67.0

2 5	6 3	4 1	7 8	
88
82.0

7 3	5 4	1 8	2 6	
89
82.0

7 8	2 6	1 3	4 5	
90
90.0

2 4	7 8	5 1	6 3	
91
86.0

7 8	1 6	4 5	2 3	
92
79.0

1 6	2 4	7 8	5 3	
93
80.0

7 5	6 4	1 8	2 3	
94
86.0

7 8	1 3	2 5	6 4	
95
69.0

7 3	5 4	1 8	2 6	
96
82.0

8 7	1 2	5 3	4 6	
97
68.0

5 2	4 6	8 7	1 3	
98
78.0

3 5	6 4	8 7	2 1	
99
82.0



***** best cost=67.0
best =21	Execution Time: 1.8101249999999998
2 6	5 7	1 4	3 8	
0
129.0


Distributive	tempGraph.txt	no. of cores= 6	no. of cuts 1
7 5	6 2	4 1	3 8	
0
86.0



***** best cost=86.0
best =0	Execution Time: 0.09406599999999998
1 5	2 4	8 7	3 6	
0
83.0


Distributive	tempGraph.txt	no. of cores= 6	no. of cuts 1
5 1	4 2	7 8	6 3	
0
69.0



***** best cost=69.0
best =0	Execution Time: 0.06137799999999993
10 9	7 8	6 5	16 4	3 2	1 12	13 14	11 15	
0
6232.0


Distributive	Graph1.txt	no. of cores= 16	no. of cuts 1
8 7	10 9	6 5	16 4	15 11	14 13	2 3	1 12	
0
4231.0



***** best cost=4231.0
best =0	Execution Time: 0.3543780000000001
9 10	7 8	4 16	5 6	14 13	11 15	3 2	1 12	
0
5385.0


Distributive	Graph1.txt	no. of cores= 16	no. of cuts 1
5 6	16 4	7 8	9 10	14 13	15 11	3 2	12 1	
0
4864.0



***** best cost=4864.0
best =0	Execution Time: 0.47344600000000003
9 10	8 7	16 4	6 5	12 15	13 14	11 1	3 2	
0
5424.0


Distributive	Graph1.txt	no. of cores= 16	no. of cuts 1
5 6	4 16	7 8	9 10	3 2	11 1	12 15	13 14	
0
4199.0



***** best cost=4199.0
best =0	Execution Time: 0.5837450000000001
10 8	12 9	14 13	11 15	7 6	5 16	4 3	1 2	
0
5964.0

4 16	6 5	9 10	8 7	14 13	15 12	3 2	11 1	
1
6497.0

15 11	13 14	8 10	9 12	6 7	5 16	1 2	4 3	
2
5228.0

2 3	11 1	13 14	15 12	8 7	9 10	6 5	16 4	
3
5936.0

9 10	8 7	6 5	4 16	14 13	15 11	1 12	3 2	
4
5538.0

16 5	7 6	1 2	4 3	8 10	12 9	13 14	11 15	
5
4600.0

3 4	1 2	7 6	16 5	12 9	8 10	13 14	15 11	
6
6523.0

3 4	2 1	7 6	16 5	12 9	8 10	13 14	15 11	
7
6161.0

12 15	14 13	11 1	3 2	16 4	5 6	10 9	7 8	
8
5115.0

9 10	8 7	16 4	6 5	2 3	12 1	11 15	14 13	
9
5574.0

3 4	1 2	16 5	6 7	10 8	12 9	13 14	15 11	
10
5947.0

2 3	11 1	13 14	15 12	5 6	16 4	8 7	10 9	
11
5681.0

14 13	15 12	3 2	1 11	7 8	10 9	6 5	4 16	
12
5836.0

7 8	9 10	4 16	5 6	1 12	3 2	11 15	13 14	
13
6728.0

4 3	2 1	6 7	16 5	8 10	9 12	11 15	14 13	
14
7337.0

4 3	2 1	7 6	16 5	12 9	10 8	13 14	15 11	
15
6728.0

9 10	7 8	5 6	16 4	14 13	15 11	3 2	1 12	
16
6073.0

7 6	5 16	3 4	1 2	14 13	11 15	10 8	12 9	
17
7337.0

1 2	4 3	16 5	7 6	14 13	11 15	9 12	8 10	
18
5702.0

9 10	8 7	6 5	16 4	15 11	14 13	3 2	12 1	
19
5101.0

4 3	2 1	7 6	16 5	11 15	14 13	10 8	12 9	
20
6380.0

5 16	7 6	1 2	3 4	13 14	11 15	10 8	12 9	
21
7037.0

15 12	13 14	11 1	3 2	9 10	7 8	16 4	6 5	
22
4914.0

8 7	10 9	6 5	4 16	12 1	3 2	13 14	15 11	
23
5636.0

7 8	10 9	6 5	4 16	11 15	13 14	12 1	2 3	
24
5836.0

16 4	5 6	7 8	10 9	2 3	1 12	14 13	11 15	
25
5420.0

1 11	3 2	15 12	13 14	6 5	4 16	8 7	9 10	
26
5891.0

2 1	4 3	16 5	7 6	8 10	12 9	11 15	14 13	
27
6334.0

4 3	1 2	7 6	16 5	12 9	8 10	13 14	11 15	
28
6556.0

6 5	16 4	8 7	10 9	12 15	14 13	11 1	3 2	
29
5613.0

9 10	7 8	5 6	4 16	13 14	12 15	2 3	11 1	
30
5706.0

8 7	9 10	6 5	16 4	12 15	13 14	1 11	3 2	
31
5164.0

16 4	5 6	7 8	10 9	12 15	14 13	1 11	2 3	
32
6538.0

8 7	9 10	16 4	5 6	13 14	11 15	1 12	3 2	
33
6599.0

1 2	4 3	16 5	7 6	14 13	11 15	9 12	8 10	
34
5702.0

11 1	3 2	13 14	15 12	16 4	6 5	7 8	9 10	
35
5347.0

14 13	11 15	1 12	2 3	6 5	4 16	8 7	9 10	
36
6939.0

15 12	14 13	1 11	3 2	8 7	9 10	6 5	4 16	
37
5169.0

6 7	5 16	3 4	1 2	11 15	13 14	9 12	10 8	
38
6950.0

4 3	1 2	6 7	5 16	15 11	13 14	8 10	9 12	
39
5737.0

9 10	7 8	5 6	4 16	12 1	3 2	11 15	13 14	
40
6360.0

1 2	3 4	7 6	5 16	14 13	11 15	8 10	12 9	
41
5208.0

9 10	7 8	6 5	16 4	3 2	1 11	13 14	12 15	
42
6061.0

9 10	8 7	5 6	4 16	14 13	15 11	1 12	3 2	
43
5540.0

12 9	10 8	14 13	11 15	7 6	16 5	1 2	4 3	
44
4599.0

8 7	9 10	6 5	4 16	1 11	3 2	12 15	13 14	
45
5829.0

15 11	13 14	10 8	12 9	1 2	3 4	6 7	5 16	
46
4897.0

2 3	11 1	14 13	15 12	4 16	5 6	7 8	9 10	
47
5362.0

16 5	6 7	4 3	2 1	12 9	8 10	13 14	11 15	
48
5476.0

7 6	16 5	1 2	3 4	12 9	10 8	15 11	14 13	
49
5988.0

4 3	1 2	7 6	5 16	12 9	10 8	13 14	15 11	
50
6410.0

15 11	13 14	8 10	12 9	6 7	16 5	1 2	3 4	
51
5903.0

12 1	3 2	15 11	14 13	6 5	4 16	8 7	9 10	
52
5837.0

14 13	11 15	1 12	2 3	6 5	4 16	8 7	9 10	
53
6939.0

1 2	3 4	16 5	7 6	14 13	11 15	12 9	8 10	
54
5543.0

15 11	13 14	9 12	10 8	2 1	4 3	7 6	16 5	
55
5575.0

3 4	1 2	5 16	6 7	12 9	10 8	13 14	11 15	
56
5545.0

9 10	7 8	5 6	16 4	14 13	15 11	1 12	2 3	
57
5971.0

9 10	7 8	6 5	4 16	13 14	15 12	3 2	11 1	
58
5256.0

3 4	1 2	7 6	16 5	12 9	8 10	13 14	15 11	
59
6523.0

16 5	7 6	4 3	1 2	8 10	12 9	13 14	15 11	
60
4205.0

12 9	10 8	15 11	14 13	1 2	4 3	6 7	16 5	
61
6012.0

3 4	1 2	6 7	5 16	8 10	12 9	14 13	15 11	
62
6226.0

12 9	8 10	15 11	13 14	16 5	6 7	1 2	3 4	
63
6346.0

3 2	1 11	13 14	12 15	5 6	4 16	9 10	7 8	
64
5266.0

6 5	16 4	10 9	8 7	11 1	2 3	12 15	14 13	
65
5722.0

11 1	2 3	13 14	12 15	9 10	8 7	4 16	5 6	
66
5203.0

15 11	13 14	2 3	1 12	9 10	7 8	4 16	6 5	
67
5643.0

9 10	7 8	4 16	6 5	3 2	1 11	13 14	12 15	
68
6027.0

11 15	13 14	8 10	9 12	6 7	16 5	2 1	4 3	
69
5650.0

8 7	9 10	5 6	4 16	15 11	14 13	12 1	3 2	
70
5069.0

3 4	1 2	6 7	16 5	13 14	11 15	9 12	8 10	
71
6658.0

15 11	13 14	9 12	8 10	5 16	7 6	1 2	3 4	
72
7085.0

2 3	1 11	12 15	13 14	9 10	8 7	4 16	6 5	
73
5461.0

13 14	11 15	1 12	3 2	16 4	5 6	8 7	9 10	
74
5939.0

6 5	16 4	7 8	9 10	14 13	15 11	1 12	3 2	
75
5362.0

1 12	3 2	13 14	11 15	4 16	6 5	10 9	7 8	
76
5144.0

4 16	6 5	10 9	8 7	13 14	15 11	3 2	1 12	
77
6444.0

9 10	7 8	4 16	5 6	14 13	15 12	3 2	11 1	
78
5267.0

3 4	1 2	5 16	7 6	12 9	10 8	13 14	15 11	
79
5634.0

10 9	8 7	5 6	16 4	11 1	2 3	12 15	14 13	
80
6412.0

2 3	12 1	11 15	13 14	9 10	8 7	5 6	16 4	
81
6929.0

8 7	10 9	16 4	6 5	2 3	1 12	15 11	14 13	
82
5622.0

3 2	1 11	15 12	13 14	10 9	8 7	5 6	16 4	
83
7136.0

2 3	11 1	13 14	15 12	8 7	9 10	6 5	16 4	
84
5936.0

12 9	10 8	14 13	11 15	5 16	6 7	1 2	3 4	
85
6096.0

2 1	4 3	16 5	7 6	15 11	14 13	12 9	8 10	
86
5938.0

11 1	3 2	12 15	13 14	10 9	7 8	5 6	16 4	
87
7228.0

13 14	12 15	3 2	11 1	6 5	4 16	9 10	7 8	
88
6624.0

16 5	7 6	4 3	1 2	14 13	11 15	10 8	12 9	
89
5167.0

12 1	2 3	11 15	14 13	10 9	7 8	6 5	4 16	
90
6253.0

8 10	9 12	14 13	11 15	5 16	7 6	4 3	1 2	
91
5521.0

12 1	3 2	13 14	15 11	4 16	5 6	7 8	9 10	
92
4616.0

16 4	6 5	9 10	7 8	13 14	15 11	3 2	1 12	
93
5410.0

6 5	16 4	10 9	7 8	3 2	1 12	15 11	13 14	
94
5556.0

9 10	7 8	6 5	4 16	12 15	13 14	3 2	11 1	
95
5240.0

8 10	12 9	11 15	14 13	5 16	6 7	3 4	1 2	
96
6175.0

8 7	10 9	16 4	6 5	14 13	12 15	11 1	3 2	
97
5670.0

3 4	2 1	7 6	16 5	12 9	8 10	13 14	15 11	
98
6161.0

16 4	6 5	7 8	9 10	13 14	12 15	1 11	2 3	
99
6385.0


Distributive	Graph1.txt	no. of cores= 16	no. of cuts 100
14 13	15 11	9 12	10 8	2 1	3 4	6 7	5 16	
0
4189.0

8 7	10 9	6 5	4 16	15 12	14 13	3 2	11 1	
1
4502.0

15 11	14 13	9 12	10 8	2 1	3 4	6 7	5 16	
2
4189.0

1 11	2 3	13 14	12 15	16 4	5 6	9 10	7 8	
3
4502.0

8 7	10 9	6 5	16 4	15 11	14 13	2 3	1 12	
4
4231.0

3 4	2 1	5 16	6 7	14 13	15 11	10 8	9 12	
5
4189.0

3 4	2 1	5 16	6 7	15 11	14 13	10 8	9 12	
6
4189.0

3 4	2 1	5 16	6 7	15 11	14 13	10 8	9 12	
7
4189.0

15 12	14 13	1 11	2 3	10 9	8 7	16 4	6 5	
8
4199.0

5 6	16 4	7 8	9 10	2 3	1 12	11 15	13 14	
9
4502.0

3 4	2 1	5 16	6 7	15 11	14 13	10 8	9 12	
10
4189.0

1 11	2 3	13 14	12 15	16 4	5 6	9 10	7 8	
11
4502.0

14 13	15 12	1 11	2 3	10 9	8 7	16 4	6 5	
12
4199.0

5 6	16 4	7 8	9 10	14 13	15 11	3 2	12 1	
13
4864.0

3 4	2 1	5 16	6 7	15 11	14 13	10 8	9 12	
14
4189.0

3 4	2 1	5 16	6 7	15 11	14 13	10 8	9 12	
15
4189.0

5 6	16 4	7 8	9 10	14 13	15 11	3 2	12 1	
16
4864.0

3 4	2 1	5 16	6 7	14 13	15 11	10 8	9 12	
17
4189.0

3 4	2 1	5 16	6 7	15 11	14 13	10 8	9 12	
18
4189.0

8 7	10 9	6 5	4 16	14 13	15 11	3 2	12 1	
19
4502.0

16 5	7 6	4 3	1 2	8 10	12 9	13 14	11 15	
20
4189.0

3 4	2 1	5 16	6 7	14 13	15 11	10 8	9 12	
21
4189.0

11 1	3 2	12 15	13 14	4 16	5 6	9 10	7 8	
22
4199.0

8 7	10 9	6 5	16 4	14 13	15 11	2 3	1 12	
23
4231.0

8 7	10 9	6 5	16 4	14 13	15 11	2 3	1 12	
24
4231.0

5 6	16 4	7 8	9 10	14 13	15 11	3 2	12 1	
25
4864.0

11 1	3 2	12 15	13 14	4 16	5 6	9 10	7 8	
26
4199.0

3 4	2 1	5 16	6 7	15 11	14 13	10 8	9 12	
27
4189.0

3 4	2 1	5 16	6 7	15 11	14 13	10 8	9 12	
28
4189.0

8 7	10 9	6 5	16 4	15 12	14 13	2 3	1 11	
29
4199.0

5 6	16 4	7 8	9 10	2 3	1 11	12 15	13 14	
30
4502.0

8 7	10 9	6 5	16 4	15 12	14 13	2 3	1 11	
31
4199.0

5 6	16 4	7 8	9 10	2 3	1 11	12 15	13 14	
32
4502.0

8 7	10 9	6 5	16 4	14 13	15 11	2 3	1 12	
33
4231.0

3 4	2 1	5 16	6 7	15 11	14 13	10 8	9 12	
34
4189.0

15 12	14 13	1 11	2 3	10 9	8 7	16 4	6 5	
35
4199.0

12 1	3 2	13 14	11 15	4 16	5 6	9 10	7 8	
36
4231.0

1 11	2 3	12 15	13 14	16 4	5 6	9 10	7 8	
37
4502.0

3 4	2 1	5 16	6 7	15 11	14 13	10 8	9 12	
38
4189.0

16 5	7 6	4 3	1 2	8 10	12 9	13 14	11 15	
39
4189.0

5 6	16 4	7 8	9 10	14 13	15 11	3 2	12 1	
40
4864.0

3 4	2 1	5 16	6 7	15 11	14 13	10 8	9 12	
41
4189.0

8 7	10 9	6 5	4 16	15 12	14 13	3 2	11 1	
42
4502.0

8 7	10 9	6 5	16 4	15 11	14 13	2 3	1 12	
43
4231.0

15 11	14 13	9 12	10 8	2 1	3 4	6 7	5 16	
44
4189.0

8 7	10 9	6 5	4 16	14 13	15 12	3 2	11 1	
45
4502.0

15 11	14 13	9 12	10 8	2 1	3 4	6 7	5 16	
46
4189.0

1 11	2 3	13 14	12 15	10 9	8 7	4 16	6 5	
47
4864.0

16 5	7 6	4 3	1 2	8 10	12 9	11 15	13 14	
48
4189.0

3 4	2 1	5 16	6 7	14 13	15 11	10 8	9 12	
49
4189.0

3 4	2 1	5 16	6 7	15 11	14 13	10 8	9 12	
50
4189.0

15 11	14 13	9 12	10 8	2 1	3 4	6 7	5 16	
51
4189.0

12 1	3 2	11 15	13 14	4 16	5 6	9 10	7 8	
52
4231.0

12 1	3 2	13 14	11 15	4 16	5 6	9 10	7 8	
53
4231.0

3 4	2 1	5 16	6 7	15 11	14 13	10 8	9 12	
54
4189.0

12 9	8 10	11 15	13 14	7 6	16 5	1 2	4 3	
55
4189.0

3 4	2 1	5 16	6 7	15 11	14 13	10 8	9 12	
56
4189.0

8 7	10 9	6 5	16 4	15 11	14 13	2 3	1 12	
57
4231.0

8 7	10 9	6 5	4 16	14 13	15 12	3 2	11 1	
58
4502.0

3 4	2 1	5 16	6 7	15 11	14 13	10 8	9 12	
59
4189.0

16 5	7 6	4 3	1 2	8 10	12 9	11 15	13 14	
60
4189.0

12 9	8 10	11 15	13 14	7 6	16 5	1 2	4 3	
61
4189.0

3 4	2 1	5 16	6 7	15 11	14 13	10 8	9 12	
62
4189.0

15 11	14 13	9 12	10 8	2 1	3 4	6 7	5 16	
63
4189.0

1 11	2 3	13 14	12 15	16 4	5 6	9 10	7 8	
64
4502.0

5 6	16 4	7 8	9 10	15 12	14 13	3 2	11 1	
65
4864.0

1 11	2 3	12 15	13 14	16 4	5 6	9 10	7 8	
66
4502.0

1 12	2 3	11 15	13 14	16 4	5 6	9 10	7 8	
67
4502.0

5 6	16 4	7 8	9 10	14 13	15 12	3 2	11 1	
68
4864.0

15 11	14 13	9 12	10 8	2 1	3 4	6 7	5 16	
69
4189.0

8 7	10 9	6 5	16 4	15 11	14 13	2 3	1 12	
70
4231.0

3 4	2 1	5 16	6 7	15 11	14 13	10 8	9 12	
71
4189.0

15 11	14 13	9 12	10 8	2 1	3 4	6 7	5 16	
72
4189.0

1 11	2 3	13 14	12 15	16 4	5 6	9 10	7 8	
73
4502.0

14 13	15 11	1 12	2 3	10 9	8 7	16 4	6 5	
74
4231.0

8 7	10 9	6 5	16 4	14 13	15 11	2 3	1 12	
75
4231.0

15 11	14 13	12 1	3 2	10 9	8 7	4 16	6 5	
76
4502.0

8 7	10 9	6 5	4 16	14 13	15 11	3 2	12 1	
77
4502.0

5 6	16 4	7 8	9 10	15 12	14 13	3 2	11 1	
78
4864.0

3 4	2 1	5 16	6 7	15 11	14 13	10 8	9 12	
79
4189.0

5 6	16 4	7 8	9 10	14 13	15 12	3 2	11 1	
80
4864.0

1 12	2 3	13 14	11 15	16 4	5 6	9 10	7 8	
81
4502.0

8 7	10 9	6 5	4 16	14 13	15 11	3 2	12 1	
82
4502.0

1 11	2 3	13 14	12 15	16 4	5 6	9 10	7 8	
83
4502.0

1 11	2 3	13 14	12 15	16 4	5 6	9 10	7 8	
84
4502.0

15 11	14 13	9 12	10 8	2 1	3 4	6 7	5 16	
85
4189.0

3 4	2 1	5 16	6 7	14 13	15 11	10 8	9 12	
86
4189.0

15 12	14 13	11 1	3 2	16 4	5 6	9 10	7 8	
87
4864.0

11 1	3 2	12 15	13 14	4 16	5 6	9 10	7 8	
88
4199.0

16 5	7 6	4 3	1 2	8 10	12 9	11 15	13 14	
89
4189.0

15 11	14 13	12 1	3 2	16 4	5 6	9 10	7 8	
90
4864.0

12 9	8 10	11 15	13 14	7 6	16 5	1 2	4 3	
91
4189.0

15 11	14 13	12 1	3 2	10 9	8 7	4 16	6 5	
92
4502.0

8 7	10 9	6 5	4 16	14 13	15 11	3 2	12 1	
93
4502.0

5 6	4 16	7 8	9 10	3 2	12 1	13 14	11 15	
94
4231.0

8 7	10 9	6 5	4 16	14 13	15 12	3 2	11 1	
95
4502.0

15 11	14 13	9 12	10 8	2 1	3 4	6 7	5 16	
96
4189.0

8 7	10 9	6 5	16 4	15 12	14 13	2 3	1 11	
97
4199.0

3 4	2 1	5 16	6 7	15 11	14 13	10 8	9 12	
98
4189.0

5 6	16 4	7 8	9 10	2 3	1 11	12 15	13 14	
99
4502.0



***** best cost=4189.0
best =0	Execution Time: 5.8153950000000005
13 14	12 15	1 11	3 2	16 4	6 5	10 9	7 8	
0
5203.0

3 4	1 2	5 16	7 6	12 9	8 10	13 14	15 11	
1
5840.0

3 4	1 2	16 5	7 6	9 12	8 10	14 13	11 15	
2
5842.0

8 7	9 10	5 6	4 16	15 11	14 13	12 1	3 2	
3
5069.0

5 6	16 4	8 7	10 9	2 3	12 1	15 11	13 14	
4
5021.0

6 5	4 16	8 7	9 10	12 1	3 2	15 11	13 14	
5
5789.0

12 9	8 10	15 11	14 13	6 7	16 5	3 4	1 2	
6
6046.0

9 10	8 7	16 4	5 6	13 14	15 11	3 2	1 12	
7
5916.0

8 10	9 12	11 15	14 13	5 16	7 6	3 4	1 2	
8
6294.0

15 11	13 14	8 10	12 9	6 7	5 16	1 2	4 3	
9
5086.0

15 11	13 14	9 12	10 8	16 5	7 6	2 1	3 4	
10
6259.0

4 16	6 5	10 9	8 7	14 13	11 15	1 12	3 2	
11
6774.0

8 7	10 9	6 5	16 4	12 1	3 2	15 11	14 13	
12
5679.0

16 4	5 6	7 8	10 9	1 12	2 3	11 15	14 13	
13
5750.0

16 5	7 6	1 2	4 3	8 10	12 9	13 14	11 15	
14
4600.0

4 16	5 6	7 8	9 10	14 13	15 12	1 11	2 3	
15
6378.0

12 9	8 10	13 14	15 11	1 2	4 3	16 5	6 7	
16
6929.0

3 4	2 1	7 6	16 5	12 9	8 10	13 14	15 11	
17
6161.0

15 11	13 14	2 3	1 12	4 16	5 6	10 9	7 8	
18
5834.0

15 11	13 14	9 12	8 10	5 16	7 6	1 2	3 4	
19
7085.0

9 12	8 10	15 11	14 13	1 2	4 3	6 7	16 5	
20
6264.0

6 5	16 4	8 7	10 9	2 3	12 1	15 11	13 14	
21
5023.0

16 4	5 6	8 7	9 10	1 11	3 2	13 14	15 12	
22
6615.0

10 9	8 7	5 6	16 4	15 11	13 14	12 1	2 3	
23
5656.0

3 4	1 2	16 5	6 7	15 11	14 13	8 10	9 12	
24
5615.0

8 7	9 10	6 5	16 4	12 1	3 2	14 13	11 15	
25
5834.0

3 4	2 1	16 5	6 7	15 11	13 14	8 10	12 9	
26
5127.0

1 11	2 3	12 15	14 13	10 9	7 8	4 16	6 5	
27
5420.0

14 13	11 15	12 1	3 2	9 10	7 8	4 16	5 6	
28
4921.0

12 15	13 14	11 1	2 3	8 7	10 9	5 6	16 4	
29
5335.0

13 14	11 15	3 2	1 12	9 10	8 7	16 4	5 6	
30
5900.0

8 7	9 10	16 4	5 6	11 15	13 14	1 12	2 3	
31
6167.0

8 7	10 9	6 5	16 4	15 11	13 14	12 1	2 3	
32
4583.0

15 12	14 13	2 3	1 11	16 4	5 6	7 8	9 10	
33
6021.0

1 2	3 4	5 16	7 6	12 9	8 10	13 14	15 11	
34
6251.0

2 3	11 1	15 12	13 14	16 4	5 6	8 7	9 10	
35
5955.0

6 7	16 5	3 4	1 2	12 9	10 8	13 14	15 11	
36
6424.0

6 5	16 4	10 9	7 8	11 15	14 13	2 3	12 1	
37
5918.0

1 2	3 4	7 6	5 16	14 13	11 15	8 10	9 12	
38
5318.0

5 16	6 7	4 3	1 2	14 13	11 15	8 10	9 12	
39
4944.0

8 10	12 9	14 13	15 11	5 16	7 6	3 4	1 2	
40
6264.0

15 11	13 14	10 8	12 9	5 16	6 7	2 1	4 3	
41
6569.0

3 2	11 1	14 13	12 15	10 9	7 8	6 5	4 16	
42
6843.0

9 10	7 8	5 6	16 4	12 1	3 2	15 11	14 13	
43
7089.0

9 10	7 8	5 6	16 4	13 14	11 15	3 2	12 1	
44
6003.0

9 12	8 10	14 13	15 11	16 5	6 7	3 4	2 1	
45
5667.0

11 15	13 14	3 2	12 1	5 6	4 16	9 10	8 7	
46
6492.0

9 12	8 10	15 11	14 13	6 7	16 5	1 2	3 4	
47
5713.0

8 10	12 9	15 11	14 13	3 4	1 2	16 5	6 7	
48
6769.0

11 15	13 14	12 9	8 10	1 2	4 3	7 6	16 5	
49
4913.0

9 10	8 7	5 6	16 4	3 2	12 1	11 15	13 14	
50
6561.0

15 11	14 13	12 9	8 10	4 3	2 1	7 6	5 16	
51
5698.0

13 14	12 15	1 11	3 2	16 4	6 5	10 9	7 8	
52
5203.0

10 8	9 12	14 13	11 15	16 5	7 6	4 3	1 2	
53
5057.0

2 3	11 1	15 12	14 13	6 5	4 16	9 10	8 7	
54
7000.0

15 11	13 14	10 8	12 9	16 5	7 6	1 2	4 3	
55
6178.0

1 2	4 3	5 16	7 6	12 9	10 8	15 11	13 14	
56
6094.0

12 9	8 10	15 11	14 13	7 6	5 16	4 3	1 2	
57
5302.0

9 10	8 7	6 5	16 4	1 11	3 2	13 14	12 15	
58
6289.0

6 5	4 16	7 8	9 10	3 2	12 1	15 11	13 14	
59
4919.0

2 3	11 1	12 15	14 13	6 5	16 4	8 7	9 10	
60
5950.0

16 4	5 6	7 8	10 9	1 12	2 3	11 15	13 14	
61
5734.0

11 15	13 14	12 9	10 8	7 6	5 16	3 4	1 2	
62
7037.0

1 12	3 2	15 11	13 14	4 16	5 6	10 9	8 7	
63
4622.0

1 11	2 3	14 13	12 15	9 10	7 8	6 5	4 16	
64
5948.0

12 15	14 13	1 11	3 2	5 6	16 4	9 10	8 7	
65
6253.0

15 12	13 14	2 3	11 1	8 7	9 10	6 5	16 4	
66
5212.0

16 5	7 6	4 3	1 2	8 10	12 9	13 14	15 11	
67
4205.0

11 15	13 14	10 8	12 9	7 6	5 16	3 4	2 1	
68
6959.0

12 1	2 3	15 11	13 14	8 7	10 9	16 4	5 6	
69
6114.0

5 16	7 6	1 2	3 4	12 9	8 10	15 11	13 14	
70
6343.0

11 15	13 14	2 3	1 12	8 7	9 10	5 6	16 4	
71
5830.0

4 3	1 2	7 6	5 16	12 9	10 8	13 14	15 11	
72
6410.0

13 14	11 15	1 12	2 3	4 16	5 6	9 10	8 7	
73
5889.0

6 5	16 4	9 10	7 8	3 2	11 1	15 12	14 13	
74
5331.0

14 13	15 11	12 1	3 2	8 7	10 9	5 6	4 16	
75
4898.0

16 4	6 5	9 10	8 7	14 13	15 11	12 1	3 2	
76
6130.0

6 7	5 16	4 3	2 1	12 9	8 10	13 14	15 11	
77
6175.0

9 10	8 7	16 4	6 5	14 13	12 15	1 11	2 3	
78
5174.0

4 3	2 1	7 6	16 5	12 9	8 10	13 14	15 11	
79
6934.0

12 15	13 14	3 2	1 11	4 16	5 6	7 8	10 9	
80
5991.0

11 15	13 14	8 10	12 9	6 7	16 5	3 4	2 1	
81
5968.0

1 2	4 3	7 6	16 5	14 13	11 15	10 8	12 9	
82
5607.0

7 8	10 9	6 5	4 16	14 13	11 15	2 3	1 12	
83
5484.0

5 16	7 6	4 3	2 1	15 11	14 13	8 10	9 12	
84
5931.0

16 4	6 5	7 8	10 9	1 12	2 3	11 15	14 13	
85
5784.0

1 2	4 3	16 5	7 6	11 15	14 13	12 9	10 8	
86
5986.0

1 2	3 4	7 6	16 5	12 9	8 10	15 11	14 13	
87
6128.0

11 15	14 13	3 2	12 1	5 6	4 16	8 7	10 9	
88
5968.0

9 10	8 7	5 6	16 4	3 2	12 1	11 15	13 14	
89
6561.0

1 11	3 2	15 12	13 14	5 6	16 4	10 9	8 7	
90
6018.0

1 2	4 3	6 7	16 5	14 13	15 11	8 10	12 9	
91
5838.0

1 2	3 4	16 5	7 6	10 8	12 9	13 14	11 15	
92
5701.0

12 15	14 13	11 1	3 2	9 10	7 8	5 6	4 16	
93
5620.0

14 13	11 15	1 12	3 2	10 9	7 8	4 16	5 6	
94
5194.0

16 5	7 6	4 3	2 1	10 8	12 9	11 15	13 14	
95
4945.0

11 15	13 14	12 9	8 10	7 6	5 16	4 3	2 1	
96
6232.0

8 7	9 10	4 16	5 6	15 12	13 14	1 11	3 2	
97
5886.0

11 15	13 14	8 10	12 9	6 7	16 5	4 3	2 1	
98
5919.0

11 15	13 14	3 2	12 1	5 6	4 16	10 9	8 7	
99
6321.0


Distributive	Graph1.txt	no. of cores= 16	no. of cuts 100
14 13	15 12	1 11	2 3	10 9	8 7	16 4	6 5	
0
4199.0

3 4	2 1	5 16	6 7	15 11	14 13	10 8	9 12	
1
4189.0

3 4	2 1	5 16	6 7	14 13	15 11	10 8	9 12	
2
4189.0

8 7	10 9	6 5	16 4	15 11	14 13	2 3	1 12	
3
4231.0

5 6	16 4	7 8	9 10	15 11	14 13	3 2	12 1	
4
4864.0

5 6	16 4	7 8	9 10	15 11	14 13	3 2	12 1	
5
4864.0

15 11	14 13	9 12	10 8	2 1	3 4	6 7	5 16	
6
4189.0

8 7	10 9	6 5	4 16	15 11	14 13	3 2	12 1	
7
4502.0

15 11	14 13	9 12	10 8	2 1	3 4	6 7	5 16	
8
4189.0

15 11	14 13	9 12	10 8	2 1	3 4	6 7	5 16	
9
4189.0

12 9	8 10	11 15	13 14	7 6	16 5	1 2	4 3	
10
4189.0

8 7	10 9	6 5	16 4	14 13	15 11	2 3	1 12	
11
4231.0

8 7	10 9	6 5	16 4	14 13	15 11	2 3	1 12	
12
4231.0

5 6	16 4	7 8	9 10	15 11	14 13	3 2	12 1	
13
4864.0

3 4	2 1	5 16	6 7	14 13	15 11	10 8	9 12	
14
4189.0

5 6	16 4	7 8	9 10	2 3	1 11	12 15	13 14	
15
4502.0

12 9	8 10	11 15	13 14	7 6	16 5	1 2	4 3	
16
4189.0

3 4	2 1	5 16	6 7	15 11	14 13	10 8	9 12	
17
4189.0

15 11	14 13	12 1	3 2	10 9	8 7	4 16	6 5	
18
4502.0

15 11	14 13	9 12	10 8	2 1	3 4	6 7	5 16	
19
4189.0

12 9	8 10	11 15	13 14	7 6	16 5	1 2	4 3	
20
4189.0

5 6	16 4	7 8	9 10	15 11	14 13	3 2	12 1	
21
4864.0

8 7	10 9	6 5	16 4	14 13	15 12	2 3	1 11	
22
4199.0

5 6	16 4	7 8	9 10	2 3	1 12	11 15	13 14	
23
4502.0

3 4	2 1	5 16	6 7	15 11	14 13	10 8	9 12	
24
4189.0

8 7	10 9	6 5	16 4	14 13	15 11	2 3	1 12	
25
4231.0

3 4	2 1	5 16	6 7	15 11	14 13	10 8	9 12	
26
4189.0

1 11	2 3	12 15	13 14	16 4	5 6	9 10	7 8	
27
4502.0

1 12	2 3	13 14	11 15	16 4	5 6	9 10	7 8	
28
4502.0

1 11	2 3	12 15	13 14	16 4	5 6	9 10	7 8	
29
4502.0

12 1	3 2	13 14	11 15	4 16	5 6	9 10	7 8	
30
4231.0

8 7	10 9	6 5	16 4	15 11	14 13	2 3	1 12	
31
4231.0

8 7	10 9	6 5	16 4	15 11	14 13	2 3	1 12	
32
4231.0

15 12	14 13	1 11	2 3	10 9	8 7	16 4	6 5	
33
4199.0

3 4	2 1	5 16	6 7	15 11	14 13	10 8	9 12	
34
4189.0

15 12	14 13	1 11	2 3	10 9	8 7	16 4	6 5	
35
4199.0

3 4	2 1	5 16	6 7	14 13	15 11	10 8	9 12	
36
4189.0

8 7	10 9	6 5	16 4	15 11	14 13	2 3	1 12	
37
4231.0

3 4	2 1	5 16	6 7	15 11	14 13	10 8	9 12	
38
4189.0

3 4	2 1	5 16	6 7	14 13	15 11	10 8	9 12	
39
4189.0

15 11	14 13	9 12	10 8	2 1	3 4	6 7	5 16	
40
4189.0

15 11	14 13	9 12	10 8	2 1	3 4	6 7	5 16	
41
4189.0

1 11	2 3	13 14	12 15	16 4	5 6	9 10	7 8	
42
4502.0

5 6	16 4	7 8	9 10	14 13	15 11	3 2	12 1	
43
4864.0

5 6	16 4	7 8	9 10	14 13	15 11	3 2	12 1	
44
4864.0

12 9	8 10	11 15	13 14	7 6	16 5	1 2	4 3	
45
4189.0

15 11	14 13	12 1	3 2	16 4	5 6	9 10	7 8	
46
4864.0

15 11	14 13	9 12	10 8	2 1	3 4	6 7	5 16	
47
4189.0

12 9	8 10	13 14	11 15	7 6	16 5	1 2	4 3	
48
4189.0

12 9	8 10	11 15	13 14	7 6	16 5	1 2	4 3	
49
4189.0

5 6	16 4	7 8	9 10	14 13	15 11	3 2	12 1	
50
4864.0

15 11	14 13	9 12	10 8	2 1	3 4	6 7	5 16	
51
4189.0

14 13	15 12	1 11	2 3	10 9	8 7	16 4	6 5	
52
4199.0

15 11	14 13	9 12	10 8	2 1	3 4	6 7	5 16	
53
4189.0

11 1	3 2	12 15	13 14	4 16	5 6	9 10	7 8	
54
4199.0

15 11	14 13	9 12	10 8	2 1	3 4	6 7	5 16	
55
4189.0

3 4	2 1	5 16	6 7	15 11	14 13	10 8	9 12	
56
4189.0

15 11	14 13	9 12	10 8	2 1	3 4	6 7	5 16	
57
4189.0

8 7	10 9	6 5	4 16	15 12	14 13	3 2	11 1	
58
4502.0

5 6	16 4	7 8	9 10	15 11	14 13	3 2	12 1	
59
4864.0

11 1	3 2	12 15	13 14	4 16	5 6	9 10	7 8	
60
4199.0

5 6	16 4	7 8	9 10	15 11	14 13	3 2	12 1	
61
4864.0

15 11	14 13	9 12	10 8	2 1	3 4	6 7	5 16	
62
4189.0

15 11	14 13	12 1	3 2	10 9	8 7	4 16	6 5	
63
4502.0

1 11	2 3	12 15	13 14	16 4	5 6	9 10	7 8	
64
4502.0

1 11	2 3	12 15	13 14	16 4	5 6	9 10	7 8	
65
4502.0

1 11	2 3	12 15	13 14	16 4	5 6	9 10	7 8	
66
4502.0

16 5	7 6	4 3	1 2	8 10	12 9	11 15	13 14	
67
4189.0

15 11	14 13	9 12	10 8	2 1	3 4	6 7	5 16	
68
4189.0

12 1	3 2	11 15	13 14	4 16	5 6	9 10	7 8	
69
4231.0

3 4	2 1	5 16	6 7	14 13	15 11	10 8	9 12	
70
4189.0

1 12	2 3	11 15	13 14	16 4	5 6	9 10	7 8	
71
4502.0

3 4	2 1	5 16	6 7	15 11	14 13	10 8	9 12	
72
4189.0

14 13	15 11	12 1	3 2	10 9	8 7	4 16	6 5	
73
4502.0

5 6	4 16	7 8	9 10	3 2	11 1	13 14	12 15	
74
4199.0

1 12	2 3	13 14	11 15	16 4	5 6	9 10	7 8	
75
4502.0

8 7	10 9	6 5	16 4	14 13	15 11	2 3	1 12	
76
4231.0

16 5	7 6	4 3	1 2	8 10	12 9	11 15	13 14	
77
4189.0

5 6	4 16	7 8	9 10	3 2	11 1	12 15	13 14	
78
4199.0

3 4	2 1	5 16	6 7	15 11	14 13	10 8	9 12	
79
4189.0

15 12	14 13	11 1	3 2	10 9	8 7	4 16	6 5	
80
4502.0

15 11	14 13	9 12	10 8	2 1	3 4	6 7	5 16	
81
4189.0

3 4	2 1	5 16	6 7	15 11	14 13	10 8	9 12	
82
4189.0

8 7	10 9	6 5	16 4	14 13	15 11	2 3	1 12	
83
4231.0

3 4	2 1	5 16	6 7	15 11	14 13	10 8	9 12	
84
4189.0

5 6	16 4	7 8	9 10	15 11	14 13	3 2	12 1	
85
4864.0

3 4	2 1	5 16	6 7	14 13	15 11	10 8	9 12	
86
4189.0

3 4	2 1	5 16	6 7	15 11	14 13	10 8	9 12	
87
4189.0

15 11	14 13	12 1	3 2	16 4	5 6	9 10	7 8	
88
4864.0

5 6	16 4	7 8	9 10	14 13	15 11	3 2	12 1	
89
4864.0

1 11	2 3	12 15	13 14	16 4	5 6	9 10	7 8	
90
4502.0

3 4	2 1	5 16	6 7	15 11	14 13	10 8	9 12	
91
4189.0

3 4	2 1	5 16	6 7	15 11	14 13	10 8	9 12	
92
4189.0

1 11	2 3	12 15	13 14	16 4	5 6	9 10	7 8	
93
4502.0

1 12	2 3	13 14	11 15	16 4	5 6	9 10	7 8	
94
4502.0

16 5	7 6	4 3	1 2	8 10	12 9	11 15	13 14	
95
4189.0

15 11	14 13	9 12	10 8	2 1	3 4	6 7	5 16	
96
4189.0

8 7	10 9	6 5	16 4	15 12	14 13	2 3	1 11	
97
4199.0

15 11	14 13	9 12	10 8	2 1	3 4	6 7	5 16	
98
4189.0

15 11	14 13	12 1	3 2	16 4	5 6	9 10	7 8	
99
4864.0



***** best cost=4189.0
best =1	Execution Time: 4.878897
7 8	10 9	6 5	4 16	2 3	1 11	14 13	12 15	
0
5420.0

4 16	6 5	7 8	9 10	14 13	12 15	11 1	3 2	
1
6704.0

10 8	12 9	14 13	11 15	7 6	5 16	3 4	1 2	
2
6737.0

6 5	16 4	7 8	10 9	3 2	1 11	14 13	15 12	
3
5171.0

8 7	9 10	6 5	16 4	1 11	2 3	15 12	13 14	
4
5472.0

16 4	6 5	7 8	10 9	15 12	13 14	1 11	2 3	
5
6540.0

4 3	1 2	7 6	5 16	15 11	14 13	8 10	9 12	
6
5762.0

5 6	16 4	10 9	7 8	13 14	12 15	3 2	11 1	
7
5468.0

11 15	14 13	8 10	12 9	3 4	2 1	6 7	5 16	
8
5152.0

11 1	2 3	12 15	13 14	16 4	6 5	8 7	10 9	
9
5376.0

3 4	1 2	6 7	16 5	14 13	15 11	10 8	12 9	
10
5994.0

3 2	11 1	14 13	12 15	5 6	4 16	10 9	8 7	
11
5613.0

6 5	4 16	7 8	9 10	13 14	12 15	11 1	3 2	
12
5989.0

15 11	14 13	12 9	8 10	7 6	16 5	4 3	2 1	
13
5530.0

6 5	4 16	9 10	8 7	2 3	1 11	12 15	13 14	
14
6142.0

4 16	6 5	9 10	7 8	13 14	12 15	11 1	3 2	
15
6351.0

9 10	7 8	4 16	6 5	3 2	1 11	12 15	13 14	
16
6027.0

1 11	2 3	12 15	13 14	9 10	7 8	4 16	6 5	
17
5233.0

14 13	12 15	2 3	11 1	5 6	16 4	10 9	7 8	
18
6576.0

11 1	2 3	14 13	12 15	8 7	9 10	5 6	16 4	
19
6278.0

11 1	3 2	12 15	14 13	9 10	8 7	5 6	4 16	
20
6210.0

4 3	1 2	7 6	16 5	12 9	8 10	13 14	15 11	
21
6572.0

4 3	2 1	7 6	16 5	12 9	8 10	13 14	15 11	
22
6934.0

7 8	9 10	5 6	4 16	15 12	13 14	11 1	2 3	
23
5683.0

16 4	6 5	9 10	7 8	3 2	1 11	13 14	15 12	
24
5378.0

3 2	1 11	15 12	14 13	6 5	4 16	8 7	10 9	
25
6066.0

2 1	4 3	7 6	5 16	8 10	9 12	13 14	15 11	
26
6329.0

10 8	12 9	11 15	13 14	6 7	16 5	4 3	2 1	
27
5681.0

12 15	14 13	11 1	2 3	10 9	7 8	4 16	6 5	
28
5522.0

3 2	11 1	12 15	14 13	8 7	9 10	16 4	5 6	
29
6971.0

14 13	15 12	1 11	2 3	6 5	16 4	8 7	9 10	
30
6194.0

13 14	15 12	1 11	2 3	7 8	10 9	6 5	4 16	
31
5814.0

11 15	13 14	10 8	9 12	5 16	6 7	1 2	4 3	
32
6177.0

13 14	15 12	2 3	11 1	16 4	5 6	8 7	10 9	
33
6380.0

12 15	14 13	2 3	1 11	9 10	7 8	6 5	4 16	
34
6374.0

3 2	11 1	12 15	14 13	8 7	9 10	16 4	5 6	
35
6971.0

4 16	6 5	10 9	8 7	13 14	12 15	1 11	3 2	
36
6822.0

11 1	2 3	12 15	14 13	5 6	4 16	10 9	8 7	
37
5715.0

3 4	2 1	6 7	5 16	8 10	9 12	15 11	14 13	
38
5910.0

15 11	13 14	10 8	12 9	5 16	6 7	2 1	4 3	
39
6569.0

8 7	10 9	5 6	16 4	2 3	11 1	12 15	13 14	
40
5697.0

3 4	1 2	5 16	6 7	12 9	10 8	13 14	15 11	
41
5561.0

7 6	5 16	3 4	2 1	15 11	13 14	12 9	8 10	
42
6865.0

3 4	1 2	16 5	7 6	12 9	8 10	13 14	15 11	
43
5796.0

3 4	1 2	7 6	16 5	12 9	8 10	13 14	15 11	
44
6523.0

2 3	1 11	15 12	13 14	9 10	8 7	5 6	4 16	
45
6210.0

1 2	4 3	16 5	6 7	15 11	14 13	8 10	9 12	
46
6075.0

4 3	2 1	7 6	16 5	11 15	14 13	10 8	12 9	
47
6380.0

10 9	7 8	6 5	16 4	11 1	3 2	13 14	12 15	
48
6588.0

12 9	10 8	15 11	14 13	7 6	5 16	4 3	2 1	
49
6058.0

1 11	3 2	15 12	14 13	16 4	5 6	8 7	10 9	
50
5672.0

15 11	6 7	12 9	8 10	13 14	1 16	2 3	5 4	
51
5432.0

6 7	5 16	3 4	1 2	9 12	8 10	11 15	13 14	
52
6648.0

1 11	2 3	12 15	13 14	9 10	7 8	4 16	6 5	
53
5233.0

5 6	16 4	9 10	8 7	13 14	15 12	3 2	1 11	
54
5891.0

11 1	3 2	14 13	12 15	4 16	6 5	10 9	7 8	
55
5122.0

12 9	8 10	14 13	11 15	6 7	5 16	2 1	4 3	
56
5164.0

6 5	16 4	10 9	7 8	3 2	11 1	15 12	13 14	
57
5518.0

1 11	2 3	15 12	14 13	6 5	16 4	8 7	9 10	
58
5470.0

3 2	1 11	15 12	14 13	7 8	9 10	6 5	4 16	
59
6453.0

5 6	16 4	8 7	9 10	3 2	1 11	12 15	13 14	
60
5474.0

12 9	10 8	11 15	14 13	7 6	5 16	3 4	1 2	
61
6453.0

4 16	6 5	7 8	9 10	3 2	11 1	14 13	15 12	
62
5634.0

1 11	3 2	14 13	15 12	10 9	7 8	16 4	6 5	
63
5895.0

3 4	1 2	16 5	7 6	8 10	12 9	13 14	15 11	
64
5512.0

4 3	1 2	7 6	16 5	12 9	8 10	13 14	11 15	
65
6556.0

12 9	8 10	14 13	15 11	1 2	3 4	5 16	7 6	
66
6299.0

8 10	12 9	15 11	13 14	6 7	16 5	2 1	4 3	
67
5492.0

16 5	6 7	2 1	3 4	15 11	13 14	9 12	10 8	
68
6300.0

15 12	14 13	3 2	11 1	5 6	4 16	9 10	8 7	
69
6524.0

13 14	12 15	11 1	2 3	7 8	9 10	6 5	4 16	
70
5665.0

15 12	14 13	1 11	2 3	4 16	6 5	10 9	7 8	
71
6192.0

11 15	14 13	8 10	12 9	3 4	2 1	16 5	7 6	
72
5086.0

14 13	15 11	8 10	12 9	16 5	7 6	1 2	3 4	
73
6541.0

7 6	16 5	1 2	4 3	12 9	8 10	13 14	15 11	
74
4805.0

1 11	3 2	12 15	13 14	9 10	7 8	5 6	4 16	
75
6398.0

15 11	13 14	10 8	12 9	7 6	5 16	2 1	3 4	
76
6532.0

16 4	6 5	9 10	7 8	3 2	1 11	14 13	15 12	
77
5362.0

11 1	3 2	14 13	12 15	4 16	6 5	10 9	7 8	
78
5122.0

7 6	16 5	2 1	3 4	12 9	8 10	13 14	15 11	
79
5216.0

4 16	6 5	7 8	10 9	1 11	2 3	15 12	13 14	
80
6481.0

1 11	2 3	15 12	14 13	8 7	10 9	6 5	4 16	
81
5258.0

16 4	5 6	8 7	9 10	12 15	13 14	3 2	11 1	
82
6135.0

14 13	11 15	12 9	10 8	7 6	5 16	1 2	4 3	
83
5837.0

8 7	10 9	16 4	6 5	13 14	12 15	11 1	2 3	
84
5362.0

3 2	11 1	14 13	15 12	5 6	4 16	9 10	8 7	
85
5800.0

4 3	1 2	7 6	16 5	12 9	10 8	13 14	11 15	
86
6350.0

13 14	15 12	11 1	3 2	5 6	16 4	10 9	7 8	
87
5782.0

16 4	6 5	9 10	8 7	3 2	1 11	14 13	15 12	
88
5902.0

4 16	6 5	10 9	7 8	1 11	2 3	15 12	13 14	
89
6144.0

16 5	7 6	4 3	2 1	12 9	10 8	13 14	15 11	
90
5245.0

12 15	14 13	3 2	1 11	16 4	5 6	8 7	10 9	
91
6146.0

4 3	1 2	5 16	6 7	12 9	8 10	13 14	15 11	
92
5816.0

3 4	1 2	5 16	6 7	12 9	8 10	11 15	13 14	
93
5751.0

8 7	10 9	5 6	16 4	3 2	1 11	14 13	15 12	
94
6027.0

14 13	15 11	8 10	12 9	6 7	16 5	3 4	1 2	
95
6298.0

4 3	1 2	16 5	6 7	9 12	10 8	13 14	15 11	
96
6138.0

11 15	13 14	8 10	12 9	7 6	5 16	3 4	1 2	
97
6927.0

11 15	14 13	12 9	8 10	7 6	16 5	4 3	1 2	
98
5184.0

6 5	4 16	7 8	10 9	12 15	13 14	3 2	1 11	
99
5900.0


Distributive	Graph1.txt	no. of cores= 16	no. of cuts 100
8 7	10 9	6 5	16 4	14 13	15 12	2 3	1 11	
0
4199.0

5 6	16 4	7 8	9 10	2 3	1 11	12 15	13 14	
1
4502.0

14 13	15 11	9 12	10 8	2 1	3 4	6 7	5 16	
2
4189.0

5 6	16 4	7 8	9 10	15 12	14 13	3 2	11 1	
3
4864.0

8 7	10 9	6 5	4 16	14 13	15 12	3 2	11 1	
4
4502.0

5 6	16 4	7 8	9 10	2 3	1 11	12 15	13 14	
5
4502.0

16 5	7 6	4 3	1 2	8 10	12 9	13 14	11 15	
6
4189.0

5 6	16 4	7 8	9 10	14 13	15 12	3 2	11 1	
7
4864.0

15 11	14 13	9 12	10 8	2 1	3 4	6 7	5 16	
8
4189.0

15 12	14 13	1 11	2 3	10 9	8 7	16 4	6 5	
9
4199.0

3 4	2 1	5 16	6 7	15 11	14 13	10 8	9 12	
10
4189.0

1 11	2 3	13 14	12 15	16 4	5 6	9 10	7 8	
11
4502.0

5 6	16 4	7 8	9 10	2 3	1 11	12 15	13 14	
12
4502.0

15 11	14 13	9 12	10 8	2 1	3 4	6 7	5 16	
13
4189.0

5 6	16 4	7 8	9 10	15 12	14 13	3 2	11 1	
14
4864.0

8 7	10 9	6 5	16 4	15 12	14 13	2 3	1 11	
15
4199.0

5 6	16 4	7 8	9 10	14 13	15 12	3 2	11 1	
16
4864.0

1 11	2 3	12 15	13 14	16 4	5 6	9 10	7 8	
17
4502.0

1 11	2 3	13 14	12 15	16 4	5 6	9 10	7 8	
18
4502.0

1 11	2 3	12 15	13 14	10 9	8 7	4 16	6 5	
19
4864.0

15 12	14 13	11 1	3 2	16 4	5 6	9 10	7 8	
20
4864.0

3 4	2 1	5 16	6 7	15 11	14 13	10 8	9 12	
21
4189.0

3 4	2 1	5 16	6 7	15 11	14 13	10 8	9 12	
22
4189.0

5 6	16 4	7 8	9 10	2 3	1 11	12 15	13 14	
23
4502.0

8 7	10 9	6 5	16 4	15 12	14 13	2 3	1 11	
24
4199.0

11 1	3 2	12 15	13 14	4 16	5 6	9 10	7 8	
25
4199.0

3 4	2 1	5 16	6 7	15 11	14 13	10 8	9 12	
26
4189.0

15 11	14 13	9 12	10 8	2 1	3 4	6 7	5 16	
27
4189.0

1 11	2 3	12 15	13 14	16 4	5 6	9 10	7 8	
28
4502.0

11 1	3 2	13 14	12 15	4 16	5 6	9 10	7 8	
29
4199.0

11 1	3 2	12 15	13 14	4 16	5 6	9 10	7 8	
30
4199.0

1 11	2 3	13 14	12 15	16 4	5 6	9 10	7 8	
31
4502.0

15 11	14 13	9 12	10 8	2 1	3 4	6 7	5 16	
32
4189.0

14 13	15 12	1 11	2 3	10 9	8 7	16 4	6 5	
33
4199.0

1 11	2 3	12 15	13 14	16 4	5 6	9 10	7 8	
34
4502.0

11 1	3 2	13 14	12 15	4 16	5 6	9 10	7 8	
35
4199.0

8 7	10 9	6 5	16 4	15 12	14 13	2 3	1 11	
36
4199.0

15 12	14 13	11 1	3 2	16 4	5 6	9 10	7 8	
37
4864.0

3 4	2 1	5 16	6 7	15 11	14 13	10 8	9 12	
38
4189.0

15 11	14 13	9 12	10 8	2 1	3 4	6 7	5 16	
39
4189.0

8 7	10 9	6 5	16 4	15 12	14 13	2 3	1 11	
40
4199.0

3 4	2 1	5 16	6 7	15 11	14 13	10 8	9 12	
41
4189.0

3 4	2 1	5 16	6 7	15 11	14 13	10 8	9 12	
42
4189.0

3 4	2 1	5 16	6 7	15 11	14 13	10 8	9 12	
43
4189.0

3 4	2 1	5 16	6 7	15 11	14 13	10 8	9 12	
44
4189.0

1 11	2 3	13 14	12 15	16 4	5 6	9 10	7 8	
45
4502.0

3 4	2 1	5 16	6 7	14 13	15 11	10 8	9 12	
46
4189.0

16 5	7 6	4 3	1 2	8 10	12 9	13 14	11 15	
47
4189.0

8 7	10 9	6 5	16 4	14 13	15 12	2 3	1 11	
48
4199.0

15 11	14 13	9 12	10 8	2 1	3 4	6 7	5 16	
49
4189.0

15 12	14 13	1 11	2 3	10 9	8 7	16 4	6 5	
50
4199.0

9 12	10 8	15 11	6 7	14 13	1 16	5 4	2 3	
51
4667.0

16 5	7 6	4 3	1 2	8 10	12 9	11 15	13 14	
52
4189.0

1 11	2 3	12 15	13 14	16 4	5 6	9 10	7 8	
53
4502.0

5 6	16 4	7 8	9 10	14 13	15 12	3 2	11 1	
54
4864.0

15 12	14 13	11 1	3 2	10 9	8 7	4 16	6 5	
55
4502.0

15 11	14 13	9 12	10 8	2 1	3 4	6 7	5 16	
56
4189.0

5 6	4 16	7 8	9 10	3 2	11 1	13 14	12 15	
57
4199.0

11 1	3 2	12 15	13 14	4 16	5 6	9 10	7 8	
58
4199.0

1 11	2 3	13 14	12 15	10 9	8 7	4 16	6 5	
59
4864.0

5 6	16 4	7 8	9 10	15 12	14 13	3 2	11 1	
60
4864.0

15 11	14 13	9 12	10 8	2 1	3 4	6 7	5 16	
61
4189.0

5 6	16 4	7 8	9 10	15 12	14 13	3 2	11 1	
62
4864.0

11 1	3 2	12 15	13 14	4 16	5 6	9 10	7 8	
63
4199.0

3 4	2 1	5 16	6 7	15 11	14 13	10 8	9 12	
64
4189.0

3 4	2 1	5 16	6 7	15 11	14 13	10 8	9 12	
65
4189.0

12 9	8 10	11 15	13 14	7 6	16 5	1 2	4 3	
66
4189.0

15 11	14 13	9 12	10 8	2 1	3 4	6 7	5 16	
67
4189.0

3 4	2 1	5 16	6 7	15 11	14 13	10 8	9 12	
68
4189.0

15 12	14 13	11 1	3 2	16 4	5 6	9 10	7 8	
69
4864.0

1 11	2 3	13 14	12 15	16 4	5 6	9 10	7 8	
70
4502.0

15 12	14 13	11 1	3 2	10 9	8 7	4 16	6 5	
71
4502.0

12 9	8 10	11 15	13 14	7 6	16 5	1 2	4 3	
72
4189.0

14 13	15 11	9 12	10 8	2 1	3 4	6 7	5 16	
73
4189.0

3 4	2 1	5 16	6 7	14 13	15 11	10 8	9 12	
74
4189.0

1 11	2 3	12 15	13 14	16 4	5 6	9 10	7 8	
75
4502.0

15 11	14 13	9 12	10 8	2 1	3 4	6 7	5 16	
76
4189.0

8 7	10 9	6 5	16 4	15 12	14 13	2 3	1 11	
77
4199.0

15 12	14 13	11 1	3 2	10 9	8 7	4 16	6 5	
78
4502.0

3 4	2 1	5 16	6 7	14 13	15 11	10 8	9 12	
79
4189.0

5 6	4 16	7 8	9 10	3 2	11 1	13 14	12 15	
80
4199.0

1 11	2 3	12 15	13 14	10 9	8 7	4 16	6 5	
81
4864.0

8 7	10 9	6 5	4 16	15 12	14 13	3 2	11 1	
82
4502.0

14 13	15 11	9 12	10 8	2 1	3 4	6 7	5 16	
83
4189.0

8 7	10 9	6 5	16 4	15 12	14 13	2 3	1 11	
84
4199.0

1 11	2 3	13 14	12 15	16 4	5 6	9 10	7 8	
85
4502.0

3 4	2 1	5 16	6 7	15 11	14 13	10 8	9 12	
86
4189.0

1 11	2 3	13 14	12 15	16 4	5 6	9 10	7 8	
87
4502.0

8 7	10 9	6 5	16 4	15 12	14 13	2 3	1 11	
88
4199.0

8 7	10 9	6 5	4 16	14 13	15 12	3 2	11 1	
89
4502.0

16 5	7 6	4 3	1 2	8 10	12 9	11 15	13 14	
90
4189.0

15 12	14 13	1 11	2 3	10 9	8 7	16 4	6 5	
91
4199.0

3 4	2 1	5 16	6 7	15 11	14 13	10 8	9 12	
92
4189.0

3 4	2 1	5 16	6 7	15 11	14 13	10 8	9 12	
93
4189.0

8 7	10 9	6 5	4 16	14 13	15 12	3 2	11 1	
94
4502.0

14 13	15 11	9 12	10 8	2 1	3 4	6 7	5 16	
95
4189.0

3 4	2 1	5 16	6 7	14 13	15 11	10 8	9 12	
96
4189.0

15 11	14 13	9 12	10 8	2 1	3 4	6 7	5 16	
97
4189.0

15 11	14 13	9 12	10 8	2 1	3 4	6 7	5 16	
98
4189.0

5 6	16 4	7 8	9 10	14 13	15 12	3 2	11 1	
99
4864.0



***** best cost=4189.0
best =2	Execution Time: 5.311019
8 7	9 10	4 16	5 6	13 14	12 15	11 1	2 3	
0
6264.0


Distributive	Graph1.txt	no. of cores= 16	no. of cuts 1
8 7	10 9	6 5	16 4	15 12	14 13	2 3	1 11	
0
4199.0



***** best cost=4199.0
best =0	Execution Time: 0.44463700000000006
15 12	13 14	11 1	2 3	6 5	16 4	7 8	9 10	
0
5708.0


Distributive	Graph1.txt	no. of cores= 16	no. of cuts 1
1 11	2 3	12 15	13 14	16 4	5 6	9 10	7 8	
0
4502.0



***** best cost=4502.0
best =0	Execution Time: 0.29451499999999986
4 16	5 6	9 10	8 7	15 11	13 14	1 12	3 2	
0
6273.0


Distributive	Graph1.txt	no. of cores= 16	no. of cuts 1
8 7	10 9	6 5	16 4	15 11	14 13	2 3	1 12	
0
4231.0



***** best cost=4231.0
best =0	Execution Time: 0.40941399999999994
10 5	1 4	9 2	3 6	16 13	14 15	11 8	7 12	
0
6750.5


Distributive	Graph2.txt	no. of cores= 12	no. of cuts 1
1 4	10 5	2 9	3 6	7 12	8 11	14 15	16 13	
0
3942.5



***** best cost=3942.5
best =0	Execution Time: 0.3664010000000002
10 5	1 4	9 2	3 6	11 8	7 12	13 16	15 14	
0
5410.5


Distributive	Graph2.txt	no. of cores= 12	no. of cuts 1
1 4	10 5	2 9	3 6	7 12	8 11	13 16	15 14	
0
3942.5



***** best cost=3942.5
best =0	Execution Time: 0.4264490000000001
6 5	1 2	8 7	3 4	
0
768.0


Distributive	Graph3.txt	no. of cores= 8	no. of cuts 1
1 2	5 6	3 4	8 7	
0
640.0



***** best cost=640.0
best =0	Execution Time: 0.05630500000000005
5 6	7 8	1 2	3 4	
0
896.0


Distributive	Graph3.txt	no. of cores= 8	no. of cuts 1
8 7	5 6	4 3	1 2	
0
640.0



***** best cost=640.0
best =0	Execution Time: 0.058580999999999994
7 6	16 5	3 4	1 2	14 13	11 15	10 8	12 9	
0
6667.0


Distributive	Graph1.txt	no. of cores= 16	no. of cuts 1
3 4	2 1	5 16	6 7	14 13	15 11	10 8	9 12	
0
4189.0



***** best cost=4189.0
best =0	Execution Time: 0.1238490000000001
4 16	5 6	8 7	9 10	14 13	15 12	3 2	11 1	
0
6130.0


Distributive	Graph1.txt	no. of cores= 16	no. of cuts 1
8 7	10 9	6 5	4 16	15 12	14 13	3 2	11 1	
0
4502.0



***** best cost=4502.0
best =0	Execution Time: 0.37161
2 3	1 19	5 6	20 4	1 1	1 1	1 1	1 1	15 16	18 17	11 12	14 13	23 24	22 21	9 10	7 8	
0
311.0


Graph12.txt	no. of cores= 24	no. of cuts 1
6 5	20 4	1 19	2 3	1 1	1 1	1 1	1 1	6 5	20 4	1 19	2 3	1 1	1 1	1 1	1 1	
0
432.0



***** best cost=432.0
best =0	Execution Time: 1.2106510000000001
3 4	5 6	9 10	7 8	1 1	1 1	1 1	1 1	20 21	22 23	19 24	1 2	13 14	12 11	17 18	15 16	
0
278.0


Graph12.txt	no. of cores= 24	no. of cuts 1
1 1	1 1	1 1	1 1	3 4	6 5	7 8	10 9	1 1	1 1	1 1	1 1	3 4	6 5	7 8	10 9	
0
112.0



***** best cost=112.0
best =0	Execution Time: 0.9177330000000001
13 14	12 11	17 18	16 15	22 23	21 20	8 7	9 10	1 1	1 1	1 1	1 1	5 6	4 24	1 19	2 3	
0
583.0


Graph12.txt	no. of cores= 24	no. of cuts 1
10 9	7 8	22 23	21 20	17 18	16 15	11 12	14 13	10 9	7 8	22 23	21 20	17 18	16 15	11 12	14 13	
0
2246.0



***** best cost=2246.0
best =0	Execution Time: 1.0798449999999997
10 8	12 9	14 13	11 15	7 6	5 16	3 4	1 2	
0
15116.0

8 7	9 10	6 5	16 4	11 1	3 2	15 12	13 14	
1
13220.0

11 15	13 14	12 9	8 10	2 1	3 4	7 6	16 5	
2
12251.0

13 14	12 15	1 11	3 2	6 5	4 16	7 8	9 10	
3
12970.0

5 6	4 16	9 10	7 8	12 15	13 14	1 11	3 2	
4
16819.0

7 8	10 9	5 6	16 4	2 3	11 1	12 15	14 13	
5
13282.0

6 7	16 5	2 1	3 4	15 11	13 14	9 12	10 8	
6
17547.0

6 7	5 16	3 4	2 1	15 11	13 14	9 12	8 10	
7
16636.0

7 6	16 5	2 1	3 4	12 9	10 8	13 14	15 11	
8
14911.0

7 8	10 9	6 5	16 4	14 13	12 15	11 1	3 2	
9
13458.0

11 1	2 3	13 14	15 12	5 6	4 16	9 10	8 7	
10
14619.0

1 2	4 3	5 16	7 6	14 13	11 15	8 10	12 9	
11
13408.0

3 4	2 1	6 7	5 16	15 11	14 13	10 8	9 12	
12
13902.0

11 1	2 3	14 13	12 15	8 7	9 10	5 6	16 4	
13
17482.0

11 15	14 13	8 10	12 9	7 6	16 5	1 2	4 3	
14
12471.0

9 10	8 7	4 16	6 5	14 13	15 12	2 3	1 11	
15
14296.0

9 10	7 8	5 6	4 16	13 14	15 12	11 1	3 2	
16
14571.0

4 3	2 1	7 6	5 16	14 13	15 11	10 8	12 9	
17
16010.0

16 4	5 6	8 7	9 10	12 15	13 14	3 2	11 1	
18
15505.0

4 16	5 6	9 10	8 7	11 1	3 2	12 15	13 14	
19
14608.0

15 11	13 14	8 10	12 9	6 7	5 16	2 1	4 3	
20
13853.0

6 5	16 4	7 8	10 9	13 14	15 12	3 2	1 11	
21
13948.0

4 16	6 5	10 9	8 7	1 11	2 3	13 14	15 12	
22
16986.0

13 14	12 15	3 2	1 11	4 16	5 6	9 10	8 7	
23
12894.0

2 3	1 11	12 15	13 14	9 10	7 8	4 16	5 6	
24
16238.0

13 14	12 15	1 11	3 2	6 5	4 16	7 8	9 10	
25
12970.0

3 4	1 2	7 6	5 16	12 9	8 10	15 11	14 13	
26
14878.0

9 10	8 7	5 6	16 4	3 2	11 1	12 15	13 14	
27
12131.0

3 2	11 1	12 15	13 14	16 4	6 5	10 9	8 7	
28
15006.0

4 3	1 2	7 6	5 16	15 11	14 13	10 8	9 12	
29
15292.0

10 9	8 7	5 6	16 4	12 15	13 14	11 1	2 3	
30
13781.0

16 4	5 6	8 7	9 10	15 12	13 14	3 2	11 1	
31
15537.0

13 14	11 15	12 9	8 10	5 16	6 7	4 3	1 2	
32
12567.0

8 10	12 9	15 11	13 14	3 4	1 2	16 5	7 6	
33
17361.0

13 14	12 15	3 2	11 1	4 16	5 6	8 7	9 10	
34
13525.0

11 1	3 2	15 12	13 14	6 5	4 16	8 7	9 10	
35
15260.0

12 15	13 14	3 2	11 1	16 4	5 6	9 10	7 8	
36
12910.0

8 7	10 9	4 16	5 6	3 2	1 11	15 12	14 13	
37
14403.0

3 4	1 2	7 6	5 16	9 12	8 10	13 14	15 11	
38
15564.0

16 5	7 6	3 4	1 2	10 8	12 9	11 15	13 14	
39
14553.0

3 2	1 11	15 12	13 14	4 16	5 6	7 8	10 9	
40
12447.0

9 10	8 7	5 6	16 4	13 14	12 15	3 2	1 11	
41
12887.0

9 10	8 7	16 4	6 5	12 15	13 14	11 1	3 2	
42
13796.0

4 3	1 2	7 6	16 5	12 9	8 10	13 14	11 15	
43
15538.0

12 15	14 13	2 3	1 11	9 10	7 8	6 5	4 16	
44
15089.0

7 6	16 5	2 1	3 4	12 9	8 10	13 14	15 11	
45
14311.0

2 3	1 11	12 15	14 13	9 10	8 7	5 6	16 4	
46
17071.0

1 2	3 4	16 5	7 6	14 13	15 11	8 10	12 9	
47
12434.0

3 2	1 11	15 12	13 14	8 7	9 10	5 6	4 16	
48
17770.0

11 1	2 3	13 14	15 12	16 4	5 6	8 7	10 9	
49
12789.0

8 10	9 12	14 13	11 15	2 1	4 3	6 7	5 16	
50
16455.0

6 7	5 16	3 4	1 2	15 11	14 13	9 12	8 10	
51
17328.0

5 6	16 4	9 10	8 7	3 2	1 11	12 15	13 14	
52
14171.0

15 11	13 14	8 10	12 9	16 5	7 6	1 2	4 3	
53
14684.0

1 11	2 3	12 15	14 13	6 5	4 16	9 10	8 7	
54
15207.0

7 6	5 16	3 4	2 1	15 11	13 14	9 12	8 10	
55
17204.0

15 11	13 14	8 10	9 12	6 7	16 5	1 2	4 3	
56
12655.0

9 10	7 8	16 4	5 6	13 14	15 12	11 1	2 3	
57
15908.0

2 3	1 11	15 12	13 14	10 9	7 8	4 16	5 6	
58
16612.0

2 3	1 11	12 15	13 14	9 10	7 8	4 16	5 6	
59
16238.0

5 6	16 4	9 10	7 8	12 15	13 14	3 2	11 1	
60
15571.0

11 15	13 14	10 8	12 9	16 5	7 6	2 1	4 3	
61
15596.0

3 4	1 2	7 6	16 5	10 8	12 9	13 14	11 15	
62
15338.0

2 3	11 1	15 12	13 14	10 9	7 8	4 16	6 5	
63
16834.0

7 6	16 5	4 3	2 1	15 11	13 14	10 8	9 12	
64
14754.0

13 14	12 15	1 11	2 3	7 8	10 9	6 5	4 16	
65
13586.0

7 6	16 5	1 2	3 4	12 9	8 10	15 11	14 13	
66
14375.0

2 3	1 11	12 15	13 14	9 10	8 7	4 16	6 5	
67
14892.0

12 9	10 8	15 11	13 14	7 6	5 16	1 2	4 3	
68
12379.0

10 8	9 12	14 13	11 15	5 16	7 6	4 3	1 2	
69
14733.0

10 9	8 7	16 4	6 5	15 12	13 14	11 1	2 3	
70
13828.0

8 10	9 12	15 11	14 13	16 5	7 6	3 4	1 2	
71
14971.0

6 5	16 4	9 10	7 8	13 14	12 15	11 1	2 3	
72
17363.0

1 2	4 3	5 16	6 7	15 11	14 13	10 8	9 12	
73
12132.0

13 14	12 15	11 1	3 2	6 5	16 4	9 10	7 8	
74
14403.0

12 15	14 13	11 1	3 2	16 4	5 6	10 9	7 8	
75
12166.0

2 3	1 11	13 14	12 15	9 10	8 7	5 6	16 4	
76
17007.0

7 8	9 10	5 6	4 16	11 1	2 3	15 12	13 14	
77
13654.0

6 5	16 4	10 9	8 7	3 2	1 11	15 12	14 13	
78
14249.0

11 1	2 3	14 13	12 15	8 7	9 10	5 6	16 4	
79
17482.0

9 10	8 7	5 6	16 4	3 2	1 11	15 12	13 14	
80
12131.0

8 10	9 12	11 15	14 13	2 1	3 4	7 6	16 5	
81
14935.0

12 15	13 14	3 2	11 1	6 5	4 16	8 7	9 10	
82
15750.0

16 4	6 5	7 8	10 9	12 15	13 14	1 11	2 3	
83
16337.0

1 2	4 3	7 6	16 5	14 13	11 15	9 12	8 10	
84
15719.0

10 9	7 8	16 4	5 6	1 11	3 2	14 13	15 12	
85
15890.0

15 11	13 14	8 10	12 9	6 7	16 5	2 1	4 3	
86
13941.0

3 4	1 2	6 7	16 5	12 9	8 10	13 14	11 15	
87
16154.0

10 8	12 9	11 15	13 14	1 2	4 3	6 7	5 16	
88
15977.0

11 1	2 3	14 13	12 15	8 7	9 10	5 6	16 4	
89
17482.0

9 10	8 7	6 5	16 4	11 1	3 2	13 14	15 12	
90
12107.0

3 4	1 2	6 7	5 16	15 11	13 14	8 10	12 9	
91
15188.0

1 2	3 4	16 5	6 7	12 9	8 10	13 14	11 15	
92
12124.0

3 2	11 1	14 13	15 12	5 6	4 16	10 9	8 7	
93
15577.0

8 10	9 12	11 15	14 13	16 5	7 6	4 3	1 2	
94
13361.0

10 8	12 9	15 11	7 6	1 16	13 14	2 3	5 4	
95
15064.0

10 8	12 9	11 15	14 13	16 5	7 6	3 4	1 2	
96
15817.0

4 16	5 6	8 7	9 10	12 15	14 13	3 2	11 1	
97
16261.0

15 11	13 14	12 9	10 8	7 6	16 5	4 3	1 2	
98
10550.0

15 11	13 14	12 9	8 10	16 5	7 6	1 2	3 4	
99
13964.0


Graph1.txt	no. of cores= 16	no. of cuts 100
11 15	14 13	12 9	10 8	1 2	3 4	6 7	5 16	
0
11561.0

10 9	8 7	6 5	16 4	2 3	1 11	12 15	13 14	
1
10605.0

14 13	15 11	12 9	8 10	7 6	16 5	4 3	1 2	
2
10486.0

14 13	15 12	11 1	2 3	4 16	5 6	7 8	9 10	
3
10605.0

16 4	5 6	7 8	9 10	2 3	1 11	12 15	13 14	
4
12319.0

16 4	5 6	7 8	10 9	3 2	1 11	12 15	13 14	
5
12319.0

1 2	3 4	5 16	6 7	10 8	9 12	13 14	15 11	
6
10518.0

1 2	3 4	5 16	6 7	10 8	9 12	13 14	15 11	
7
10518.0

1 2	3 4	5 16	6 7	8 10	9 12	11 15	13 14	
8
10486.0

10 9	8 7	6 5	16 4	3 2	1 11	12 15	13 14	
9
10605.0

14 13	15 12	11 1	2 3	10 9	8 7	16 4	6 5	
10
11688.0

2 1	3 4	5 16	6 7	8 10	9 12	13 14	15 11	
11
10518.0

1 2	3 4	5 16	6 7	10 8	9 12	13 14	15 11	
12
10518.0

15 12	14 13	11 1	2 3	16 4	5 6	7 8	9 10	
13
10765.0

11 15	14 13	12 9	8 10	2 1	3 4	7 6	5 16	
14
11593.0

10 9	8 7	6 5	16 4	3 2	1 11	12 15	13 14	
15
10605.0

16 4	5 6	7 8	10 9	2 3	1 11	12 15	13 14	
16
12319.0

2 1	3 4	5 16	6 7	10 8	9 12	11 15	13 14	
17
10486.0

5 6	4 16	7 8	10 9	3 2	1 11	12 15	13 14	
18
11688.0

16 4	5 6	7 8	9 10	3 2	1 11	12 15	13 14	
19
12319.0

14 13	15 11	12 9	10 8	1 2	3 4	6 7	5 16	
20
11529.0

5 6	4 16	7 8	10 9	3 2	1 11	12 15	13 14	
21
11688.0

16 4	5 6	7 8	10 9	3 2	1 11	12 15	13 14	
22
12319.0

14 13	15 12	11 1	2 3	10 9	8 7	16 4	6 5	
23
11688.0

14 13	15 12	11 1	3 2	9 10	8 7	6 5	4 16	
24
12319.0

14 13	15 12	11 1	2 3	4 16	5 6	7 8	9 10	
25
10605.0

2 1	3 4	5 16	6 7	8 10	9 12	11 15	13 14	
26
10486.0

16 4	5 6	7 8	10 9	2 3	1 11	12 15	13 14	
27
12319.0

14 13	15 12	11 1	3 2	10 9	8 7	6 5	4 16	
28
12319.0

2 1	3 4	5 16	6 7	10 8	9 12	13 14	15 11	
29
10518.0

16 4	5 6	7 8	10 9	2 3	1 11	12 15	13 14	
30
12319.0

5 6	4 16	7 8	10 9	3 2	1 11	12 15	13 14	
31
11688.0

15 11	14 13	12 9	8 10	7 6	16 5	4 3	1 2	
32
10518.0

11 15	14 13	12 9	10 8	7 6	16 5	4 3	1 2	
33
10518.0

14 13	15 12	11 1	2 3	10 9	8 7	16 4	6 5	
34
11688.0

14 13	15 12	11 1	3 2	9 10	8 7	6 5	4 16	
35
12319.0

14 13	15 12	11 1	3 2	10 9	8 7	6 5	4 16	
36
12319.0

10 9	8 7	6 5	16 4	2 3	1 11	12 15	13 14	
37
10605.0

1 2	3 4	5 16	6 7	8 10	9 12	11 15	13 14	
38
10486.0

1 2	3 4	5 16	6 7	8 10	9 12	11 15	13 14	
39
10486.0

14 13	15 12	11 1	2 3	4 16	5 6	7 8	9 10	
40
10605.0

16 4	5 6	7 8	10 9	2 3	1 11	12 15	13 14	
41
12319.0

10 9	8 7	6 5	4 16	2 3	1 11	12 15	13 14	
42
10605.0

2 1	3 4	5 16	6 7	8 10	9 12	11 15	13 14	
43
10486.0

14 13	15 12	11 1	2 3	10 9	8 7	16 4	6 5	
44
11688.0

1 2	3 4	5 16	6 7	8 10	9 12	11 15	13 14	
45
10486.0

14 13	15 12	11 1	3 2	9 10	8 7	6 5	4 16	
46
12319.0

2 1	3 4	5 16	6 7	8 10	9 12	11 15	13 14	
47
10486.0

15 12	13 14	11 1	2 3	10 9	8 7	6 5	4 16	
48
12479.0

14 13	15 12	11 1	2 3	10 9	8 7	16 4	6 5	
49
11688.0

11 15	14 13	12 9	10 8	7 6	16 5	4 3	1 2	
50
10518.0

1 2	3 4	5 16	6 7	10 8	9 12	13 14	15 11	
51
10518.0

16 4	5 6	7 8	10 9	2 3	1 11	12 15	13 14	
52
12319.0

15 11	14 13	12 9	10 8	2 1	3 4	6 7	5 16	
53
11561.0

14 13	15 12	11 1	2 3	4 16	5 6	7 8	9 10	
54
10605.0

1 2	3 4	5 16	6 7	10 8	9 12	13 14	15 11	
55
10518.0

14 13	15 11	12 9	10 8	2 1	3 4	6 7	5 16	
56
11529.0

10 9	8 7	6 5	4 16	2 3	1 11	12 15	13 14	
57
10605.0

14 13	15 12	11 1	3 2	10 9	8 7	6 5	4 16	
58
12319.0

14 13	15 12	11 1	3 2	9 10	8 7	6 5	4 16	
59
12319.0

16 4	5 6	7 8	9 10	2 3	1 11	12 15	13 14	
60
12319.0

11 15	14 13	12 9	10 8	7 6	16 5	4 3	1 2	
61
10518.0

1 2	3 4	5 16	6 7	8 10	9 12	11 15	13 14	
62
10486.0

14 13	15 12	11 1	3 2	10 9	8 7	6 5	4 16	
63
12319.0

16 5	7 6	4 3	1 2	8 10	9 12	13 14	15 11	
64
11561.0

14 13	15 12	11 1	2 3	10 9	8 7	16 4	6 5	
65
11688.0

2 1	3 4	5 16	6 7	8 10	9 12	11 15	13 14	
66
10486.0

14 13	15 12	11 1	3 2	9 10	8 7	6 5	4 16	
67
12319.0

11 15	14 13	12 9	8 10	2 1	3 4	7 6	5 16	
68
11593.0

11 15	14 13	12 9	8 10	7 6	16 5	4 3	1 2	
69
10518.0

10 9	8 7	6 5	4 16	2 3	1 11	12 15	13 14	
70
10605.0

11 15	14 13	12 9	8 10	7 6	16 5	4 3	1 2	
71
10518.0

10 9	8 7	6 5	4 16	2 3	1 11	12 15	13 14	
72
10605.0

2 1	3 4	5 16	6 7	10 8	9 12	13 14	15 11	
73
10518.0

14 13	15 12	11 1	2 3	4 16	5 6	7 8	9 10	
74
10605.0

14 13	15 12	11 1	2 3	10 9	8 7	16 4	6 5	
75
11688.0

14 13	15 12	11 1	3 2	9 10	8 7	6 5	4 16	
76
12319.0

16 4	5 6	7 8	9 10	3 2	1 11	12 15	13 14	
77
12319.0

10 9	8 7	6 5	16 4	2 3	1 11	12 15	13 14	
78
10605.0

15 12	14 13	11 1	2 3	16 4	5 6	7 8	9 10	
79
10765.0

16 4	5 6	7 8	9 10	2 3	1 11	12 15	13 14	
80
12319.0

14 13	15 11	12 9	10 8	7 6	16 5	4 3	1 2	
81
10486.0

14 13	15 12	11 1	3 2	9 10	8 7	6 5	4 16	
82
12319.0

16 4	5 6	7 8	9 10	2 3	1 11	12 15	13 14	
83
12319.0

2 1	3 4	5 16	6 7	10 8	9 12	13 14	15 11	
84
10518.0

4 16	5 6	7 8	10 9	3 2	1 11	12 15	13 14	
85
12319.0

14 13	15 11	12 9	10 8	1 2	3 4	6 7	5 16	
86
11529.0

2 1	3 4	5 16	6 7	8 10	9 12	11 15	13 14	
87
10486.0

14 13	15 11	12 9	8 10	7 6	16 5	4 3	1 2	
88
10486.0

15 12	14 13	11 1	2 3	16 4	5 6	7 8	9 10	
89
10765.0

10 9	8 7	6 5	16 4	2 3	1 11	12 15	13 14	
90
10605.0

1 2	3 4	5 16	6 7	8 10	9 12	13 14	15 11	
91
10518.0

2 1	3 4	5 16	6 7	8 10	9 12	11 15	13 14	
92
10486.0

14 13	15 12	11 1	2 3	10 9	8 7	16 4	6 5	
93
11688.0

15 11	14 13	12 9	10 8	1 2	3 4	6 7	5 16	
94
11561.0

11 15	6 7	8 10	9 12	5 4	3 2	16 1	13 14	
95
11925.0

14 13	15 11	12 9	10 8	7 6	16 5	4 3	1 2	
96
10486.0

16 4	5 6	7 8	10 9	2 3	1 11	12 15	13 14	
97
12319.0

14 13	15 11	12 9	8 10	1 2	3 4	7 6	5 16	
98
11561.0

14 13	15 11	12 9	10 8	2 1	3 4	6 7	5 16	
99
11529.0



***** best cost=10486.0
best =2	Execution Time: 6.271797
10 8	9 12	14 13	11 15	16 5	7 6	4 3	1 2	
0
13393.0

13 14	15 12	3 2	1 11	16 4	5 6	9 10	7 8	
1
12750.0

8 7	9 10	4 16	6 5	12 15	13 14	1 11	2 3	
2
17265.0

8 7	10 9	6 5	16 4	12 1	3 2	13 14	15 11	
3
12654.0

3 2	12 1	14 13	15 11	8 7	9 10	6 5	4 16	
4
17106.0

4 16	6 5	10 9	8 7	1 11	3 2	15 12	13 14	
5
16210.0

10 9	7 8	6 5	16 4	1 11	2 3	15 12	13 14	
6
13525.0

6 5	16 4	7 8	9 10	15 11	14 13	1 12	2 3	
7
15758.0

7 8	9 10	6 5	16 4	3 2	12 1	11 15	13 14	
8
11648.0

11 15	14 13	12 9	8 10	7 6	16 5	3 4	1 2	
9
12064.0

1 11	2 3	13 14	12 15	5 6	4 16	7 8	9 10	
10
12838.0

4 16	6 5	7 8	10 9	2 3	11 1	15 12	13 14	
11
14773.0

15 11	14 13	2 3	1 12	8 7	10 9	5 6	4 16	
12
15224.0

10 8	12 9	11 15	14 13	16 5	7 6	3 4	1 2	
13
15817.0

15 11	14 13	3 2	12 1	9 10	8 7	16 4	6 5	
14
13466.0

7 8	9 10	5 6	4 16	12 1	3 2	11 15	13 14	
15
13462.0

11 15	14 13	12 9	10 8	7 6	16 5	1 2	3 4	
16
11751.0

10 8	9 12	15 11	13 14	7 6	16 5	3 4	1 2	
17
13580.0

15 11	14 13	12 1	2 3	16 4	5 6	8 7	10 9	
18
11969.0

5 6	16 4	8 7	9 10	2 3	11 1	13 14	12 15	
19
14428.0

6 5	16 4	7 8	9 10	3 2	11 1	15 12	13 14	
20
12532.0

15 11	14 13	12 9	8 10	5 16	7 6	1 2	4 3	
21
14450.0

12 9	10 8	14 13	11 15	7 6	5 16	3 4	1 2	
22
13514.0

15 12	13 14	2 3	1 11	4 16	6 5	10 9	7 8	
23
14778.0

16 4	5 6	9 10	8 7	14 13	15 11	2 3	1 12	
24
15854.0

2 1	4 3	6 7	16 5	14 13	15 11	8 10	12 9	
25
16053.0

3 4	1 2	5 16	7 6	9 12	10 8	14 13	11 15	
26
13941.0

15 11	13 14	8 10	9 12	6 7	16 5	1 2	3 4	
27
13477.0

15 11	13 14	8 10	9 12	6 7	5 16	1 2	4 3	
28
12567.0

9 10	7 8	4 16	5 6	2 3	1 12	13 14	15 11	
29
14066.0

3 4	1 2	7 6	16 5	12 9	8 10	13 14	15 11	
30
15440.0

1 2	4 3	16 5	7 6	11 15	13 14	8 10	12 9	
31
13320.0

13 14	11 15	2 3	1 12	4 16	5 6	7 8	9 10	
32
11787.0

1 11	3 2	12 15	13 14	6 5	4 16	9 10	8 7	
33
15315.0

2 3	11 1	12 15	13 14	7 8	9 10	16 4	6 5	
34
16963.0

5 16	6 7	3 4	1 2	14 13	11 15	10 8	12 9	
35
16539.0

15 11	14 13	1 12	3 2	7 8	10 9	6 5	4 16	
36
13630.0

2 1	3 4	16 5	7 6	8 10	12 9	15 11	14 13	
37
11898.0

4 3	1 2	16 5	7 6	8 10	12 9	14 13	15 11	
38
13099.0

9 10	8 7	5 6	16 4	11 1	3 2	12 15	14 13	
39
13281.0

13 14	15 12	2 3	1 11	5 6	4 16	9 10	8 7	
40
14981.0

6 7	16 5	2 1	3 4	15 11	13 14	9 12	10 8	
41
17547.0

15 11	13 14	10 8	12 9	3 4	1 2	7 6	5 16	
42
15312.0

4 3	1 2	16 5	7 6	14 13	15 11	8 10	12 9	
43
13667.0

7 8	10 9	16 4	5 6	15 11	13 14	1 12	3 2	
44
16497.0

11 15	14 13	1 12	3 2	9 10	7 8	4 16	6 5	
45
13894.0

1 11	3 2	13 14	12 15	9 10	8 7	5 6	4 16	
46
15487.0

9 10	7 8	16 4	6 5	3 2	12 1	15 11	14 13	
47
13510.0

16 5	6 7	3 4	1 2	12 9	10 8	15 11	13 14	
48
14119.0

9 10	7 8	4 16	6 5	13 14	12 15	1 11	2 3	
49
16682.0

2 3	11 1	12 15	13 14	5 6	4 16	8 7	9 10	
50
15770.0

10 9	8 7	5 6	16 4	12 1	3 2	15 11	14 13	
51
13217.0

15 11	14 13	12 1	2 3	8 7	10 9	5 6	4 16	
52
14138.0

15 11	13 14	8 10	12 9	6 7	5 16	4 3	2 1	
53
12718.0

10 8	9 12	11 15	14 13	6 7	5 16	4 3	1 2	
54
12628.0

15 11	13 14	10 8	12 9	3 4	1 2	7 6	16 5	
55
15938.0

15 11	13 14	8 10	12 9	6 7	5 16	2 1	4 3	
56
13853.0

10 9	7 8	6 5	16 4	15 12	13 14	3 2	11 1	
57
13099.0

8 10	12 9	15 11	14 13	16 5	7 6	3 4	2 1	
58
14969.0

15 12	14 13	2 3	11 1	4 16	5 6	7 8	9 10	
59
12087.0

15 11	13 14	12 1	2 3	4 16	6 5	7 8	10 9	
60
12099.0

13 14	15 12	3 2	1 11	16 4	6 5	9 10	8 7	
61
13590.0

12 1	2 3	15 11	14 13	16 4	5 6	7 8	9 10	
62
11681.0

13 14	15 11	2 3	1 12	4 16	5 6	10 9	7 8	
63
13028.0

5 6	16 4	10 9	8 7	14 13	15 11	1 12	2 3	
64
17493.0

3 2	11 1	13 14	15 12	9 10	7 8	5 6	4 16	
65
17701.0

7 8	10 9	6 5	4 16	1 11	2 3	15 12	14 13	
66
12830.0

15 11	13 14	12 1	3 2	6 5	4 16	8 7	9 10	
67
14440.0

3 2	1 12	13 14	11 15	7 8	10 9	5 6	16 4	
68
18870.0

15 11	13 14	10 8	12 9	7 6	16 5	1 2	3 4	
69
13513.0

16 4	5 6	8 7	9 10	1 11	3 2	13 14	15 12	
70
15571.0

4 3	1 2	5 16	7 6	10 8	12 9	13 14	11 15	
71
13343.0

10 8	9 12	14 13	11 15	6 7	5 16	4 3	1 2	
72
12660.0

12 15	13 14	11 1	2 3	9 10	7 8	5 6	16 4	
73
15273.0

6 5	4 16	9 10	8 7	1 12	2 3	15 11	14 13	
74
16027.0

12 15	13 14	3 2	1 11	8 7	10 9	6 5	4 16	
75
14784.0

9 10	7 8	5 6	4 16	15 12	13 14	11 1	3 2	
76
14507.0

4 16	6 5	9 10	7 8	11 15	14 13	2 3	1 12	
77
17992.0

2 1	3 4	16 5	6 7	10 8	12 9	14 13	11 15	
78
12054.0

14 13	11 15	3 2	12 1	10 9	7 8	4 16	5 6	
79
15164.0

1 12	3 2	13 14	11 15	8 7	10 9	16 4	6 5	
80
16617.0

3 2	1 12	14 13	15 11	8 7	9 10	6 5	4 16	
81
17010.0

4 16	6 5	10 9	8 7	3 2	1 11	13 14	15 12	
82
15080.0

6 5	4 16	9 10	7 8	14 13	15 12	11 1	3 2	
83
17363.0

10 8	9 12	11 15	14 13	5 16	7 6	3 4	1 2	
84
16247.0

15 11	13 14	8 10	12 9	6 7	5 16	2 1	4 3	
85
13853.0

3 2	1 12	13 14	15 11	6 5	4 16	9 10	7 8	
86
16149.0

13 14	16 1	2 3	5 4	9 15	10 8	7 6	12 11	
87
13241.0

4 16	6 5	8 7	9 10	13 14	11 15	3 2	1 12	
88
18011.0

12 15	13 14	3 2	1 11	9 10	7 8	6 5	4 16	
89
15057.0

10 8	9 12	14 13	11 15	7 6	16 5	4 3	2 1	
90
12034.0

13 14	15 12	3 2	11 1	5 6	4 16	9 10	8 7	
91
14917.0

12 15	13 14	3 2	1 11	8 7	9 10	5 6	16 4	
92
17312.0

9 12	8 10	14 13	11 15	5 16	6 7	2 1	3 4	
93
16700.0

1 2	4 3	16 5	7 6	13 14	15 11	9 12	10 8	
94
14740.0

11 15	14 13	1 12	2 3	5 6	4 16	9 10	8 7	
95
13831.0

13 14	12 15	1 11	3 2	8 7	10 9	5 6	4 16	
96
14438.0

11 15	13 14	12 9	8 10	3 4	1 2	5 16	7 6	
97
14011.0

4 16	5 6	9 10	7 8	14 13	15 12	3 2	11 1	
98
15550.0

9 10	7 8	5 6	16 4	3 2	1 11	13 14	15 12	
99
13591.0


Graph1.txt	no. of cores= 16	no. of cuts 100
11 15	14 13	12 9	8 10	1 2	3 4	7 6	5 16	
0
11593.0

14 13	15 12	11 1	3 2	10 9	8 7	6 5	4 16	
1
12319.0

10 9	8 7	6 5	16 4	3 2	1 11	12 15	13 14	
2
10605.0

10 9	8 7	6 5	16 4	2 3	1 12	11 15	13 14	
3
10573.0

11 15	14 13	12 1	2 3	10 9	8 7	6 5	4 16	
4
12319.0

16 4	5 6	7 8	10 9	3 2	1 11	12 15	13 14	
5
12319.0

10 9	8 7	6 5	16 4	2 3	1 11	12 15	13 14	
6
10605.0

10 9	8 7	6 5	16 4	3 2	1 12	13 14	15 11	
7
10605.0

10 9	8 7	6 5	16 4	3 2	1 12	11 15	13 14	
8
10573.0

14 13	15 11	12 9	8 10	1 2	3 4	7 6	5 16	
9
11561.0

14 13	15 12	11 1	3 2	4 16	5 6	7 8	9 10	
10
10605.0

5 6	4 16	7 8	9 10	3 2	1 11	12 15	13 14	
11
11688.0

14 13	15 11	12 1	2 3	16 4	5 6	7 8	9 10	
12
10573.0

14 13	15 11	12 9	10 8	7 6	16 5	4 3	1 2	
13
10486.0

14 13	15 11	12 1	3 2	4 16	5 6	7 8	9 10	
14
10573.0

16 4	5 6	7 8	10 9	3 2	1 12	13 14	15 11	
15
12319.0

14 13	15 11	12 9	8 10	2 1	3 4	7 6	5 16	
16
11561.0

11 15	14 13	12 9	10 8	1 2	3 4	6 7	5 16	
17
11561.0

14 13	15 11	12 1	2 3	10 9	8 7	16 4	6 5	
18
11656.0

16 4	5 6	7 8	10 9	3 2	1 11	12 15	13 14	
19
12319.0

5 6	16 4	7 8	9 10	2 3	1 11	12 15	13 14	
20
12358.0

15 11	14 13	12 9	8 10	2 1	3 4	7 6	5 16	
21
11593.0

11 15	14 13	12 9	8 10	1 2	3 4	7 6	5 16	
22
11593.0

14 13	15 12	11 1	2 3	10 9	8 7	16 4	6 5	
23
11688.0

16 4	5 6	7 8	9 10	2 3	1 12	11 15	13 14	
24
12287.0

1 2	3 4	5 16	6 7	8 10	9 12	13 14	15 11	
25
10518.0

1 2	3 4	5 16	6 7	8 10	9 12	11 15	13 14	
26
10486.0

14 13	15 11	12 9	10 8	2 1	3 4	6 7	5 16	
27
11529.0

14 13	15 11	12 9	10 8	2 1	3 4	6 7	5 16	
28
11529.0

16 4	5 6	7 8	9 10	3 2	1 12	11 15	13 14	
29
12287.0

2 1	3 4	5 16	6 7	8 10	9 12	11 15	13 14	
30
10486.0

2 1	3 4	5 16	6 7	8 10	9 12	11 15	13 14	
31
10486.0

14 13	15 11	12 1	2 3	9 10	8 7	16 4	6 5	
32
11656.0

14 13	15 12	11 1	2 3	4 16	5 6	7 8	9 10	
33
10605.0

14 13	15 12	11 1	2 3	4 16	5 6	7 8	9 10	
34
10605.0

1 2	3 4	5 16	6 7	10 8	9 12	13 14	15 11	
35
10518.0

14 13	15 11	12 1	2 3	10 9	8 7	16 4	6 5	
36
11656.0

3 4	2 1	5 16	6 7	10 8	9 12	11 15	13 14	
37
10897.0

3 4	2 1	5 16	6 7	10 8	9 12	11 15	13 14	
38
10897.0

16 4	5 6	7 8	9 10	3 2	1 11	12 15	13 14	
39
12319.0

14 13	15 12	11 1	2 3	10 9	8 7	16 4	6 5	
40
11688.0

1 2	3 4	5 16	6 7	10 8	9 12	13 14	15 11	
41
10518.0

14 13	15 11	12 9	10 8	7 6	16 5	4 3	1 2	
42
10486.0

2 1	3 4	5 16	6 7	8 10	9 12	11 15	13 14	
43
10486.0

10 9	8 7	6 5	4 16	2 3	1 12	13 14	15 11	
44
10605.0

11 15	14 13	12 1	2 3	16 4	5 6	7 8	9 10	
45
10605.0

14 13	15 12	11 1	3 2	9 10	8 7	6 5	4 16	
46
12319.0

10 9	8 7	6 5	4 16	2 3	1 12	11 15	13 14	
47
10573.0

1 2	3 4	5 16	6 7	8 10	9 12	11 15	13 14	
48
10486.0

16 4	5 6	7 8	10 9	2 3	1 11	12 15	13 14	
49
12319.0

14 13	15 12	11 1	2 3	10 9	8 7	16 4	6 5	
50
11688.0

16 4	5 6	7 8	10 9	3 2	1 12	11 15	13 14	
51
12287.0

14 13	15 11	12 1	2 3	16 4	5 6	7 8	9 10	
52
10573.0

14 13	15 11	12 9	8 10	7 6	16 5	4 3	1 2	
53
10486.0

15 11	14 13	12 9	8 10	7 6	16 5	4 3	1 2	
54
10518.0

14 13	15 11	12 9	10 8	7 6	16 5	4 3	1 2	
55
10486.0

14 13	15 11	12 9	10 8	1 2	3 4	6 7	5 16	
56
11529.0

10 9	8 7	6 5	16 4	3 2	1 11	12 15	13 14	
57
10605.0

11 15	14 13	12 9	8 10	7 6	16 5	4 3	1 2	
58
10518.0

14 13	15 12	11 1	2 3	9 10	8 7	16 4	6 5	
59
11688.0

14 13	15 11	12 1	2 3	9 10	8 7	16 4	6 5	
60
11656.0

14 13	15 12	11 1	3 2	10 9	8 7	6 5	4 16	
61
12319.0

11 15	14 13	12 1	2 3	4 16	5 6	7 8	9 10	
62
10605.0

14 13	15 11	12 1	2 3	10 9	8 7	16 4	6 5	
63
11656.0

16 4	5 6	7 8	10 9	2 3	1 12	11 15	13 14	
64
12287.0

14 13	15 12	11 1	2 3	16 4	5 6	7 8	9 10	
65
10605.0

10 9	8 7	6 5	16 4	2 3	1 11	12 15	13 14	
66
10605.0

14 13	15 11	12 1	2 3	9 10	8 7	16 4	6 5	
67
11656.0

11 15	14 13	12 1	3 2	16 4	5 6	7 8	9 10	
68
10605.0

15 11	14 13	12 9	10 8	2 1	3 4	6 7	5 16	
69
11561.0

4 16	5 6	7 8	10 9	3 2	1 11	12 15	13 14	
70
12319.0

3 4	2 1	5 16	6 7	8 10	9 12	11 15	13 14	
71
10897.0

11 15	14 13	12 9	8 10	7 6	16 5	4 3	1 2	
72
10518.0

14 13	15 12	11 1	2 3	16 4	5 6	7 8	9 10	
73
10605.0

5 6	4 16	7 8	9 10	3 2	1 12	11 15	13 14	
74
11656.0

14 13	15 12	11 1	2 3	10 9	8 7	16 4	6 5	
75
11688.0

16 4	5 6	7 8	10 9	2 3	1 11	12 15	13 14	
76
12319.0

10 9	8 7	6 5	16 4	2 3	1 12	11 15	13 14	
77
10573.0

3 4	2 1	5 16	6 7	8 10	9 12	11 15	13 14	
78
10897.0

11 15	14 13	12 1	3 2	16 4	5 6	7 8	9 10	
79
10605.0

11 15	14 13	12 1	2 3	4 16	5 6	7 8	9 10	
80
10605.0

11 15	14 13	12 1	2 3	10 9	8 7	6 5	4 16	
81
12319.0

16 4	5 6	7 8	10 9	2 3	1 11	12 15	13 14	
82
12319.0

10 9	8 7	6 5	16 4	3 2	1 11	12 15	13 14	
83
10605.0

15 11	14 13	12 9	8 10	1 2	3 4	7 6	5 16	
84
11593.0

14 13	15 11	12 9	10 8	1 2	3 4	6 7	5 16	
85
11529.0

11 15	14 13	12 1	2 3	4 16	5 6	7 8	9 10	
86
10605.0

14 13	1 16	2 3	4 5	6 7	12 11	8 10	9 15	
87
11527.0

16 4	5 6	7 8	10 9	2 3	1 12	13 14	15 11	
88
12319.0

14 13	15 12	11 1	2 3	10 9	8 7	16 4	6 5	
89
11688.0

11 15	14 13	12 9	10 8	1 2	3 4	6 7	5 16	
90
11561.0

14 13	15 12	11 1	2 3	10 9	8 7	16 4	6 5	
91
11688.0

14 13	15 12	11 1	3 2	16 4	5 6	7 8	9 10	
92
10605.0

11 15	14 13	12 9	8 10	1 2	3 4	7 6	5 16	
93
11593.0

2 1	3 4	5 16	6 7	10 8	9 12	13 14	15 11	
94
10518.0

11 15	14 13	12 1	2 3	10 9	8 7	16 4	6 5	
95
11688.0

14 13	15 12	11 1	2 3	16 4	5 6	7 8	9 10	
96
10605.0

14 13	15 11	12 9	8 10	7 6	16 5	4 3	1 2	
97
10486.0

10 9	8 7	6 5	16 4	3 2	1 11	12 15	13 14	
98
10605.0

16 4	5 6	7 8	9 10	2 3	1 11	12 15	13 14	
99
12319.0



***** best cost=10486.0
best =13	Execution Time: 6.118695000000001
